
ALFA

-0.992261691554
-0.644488244396
-1.07233002572
-2.02322191189
1.25815500277
-1.21003882768
-0.874424099954
-0.862038398245
-1.0607955201
-0.991157511321
-0.984511521259
0.878807727871
-1.33114441835
3.02489495818
-1.1753307761
-1.10199324556
-1.06960442312
-1.31615302083
-1.00603628494
-1.17135589351
-1.47112025328
-1.09563026883
-1.00658933133
-0.987664505006
-0.932297842813
-1.10070777322
2.64748370297
-0.95382879485
-0.717210627635
1.36066403526
-1.61891939199
-0.937517719517
-0.989075983674
-1.17425536116
-1.1097639826
-1.25719924642
-1.15146157434
1.17340281302
-1.09381433686
-1.0807250763
-1.11991261837
-1.13472325511
-1.40135626046
-1.23716915585
-1.08693809741
1.02080855597
0.64506914519
-1.36019396292
2.05821679254
-1.22199806053
-1.44554113737
-1.13621719341
2.44020915165
-1.08296595672
-1.06261470196
-1.08276080822
-1.12056687526
3.0458515092
1.25183466588
1.25483727252
-1.08042082075
-1.11427848162
-0.875517030494
0.801470167507
0.973110755147
-1.03195979134
-1.06996924112
2.31349049857
1.81768256222
0.210320858459
2.43718910234
-0.584917857442
2.11594145151
1.42027760998
2.42992973996
2.81771193623
-1.06893255255
-2.98695227266
1.89096508715
-2.55223642179
2.37761317199
-2.98124742578
1.83167186089
-1.55537749557
0.777433767739
0.798702872787
-0.968786546601
1.57222100145
-1.1298515214
0.191016922152
2.62823497489
-1.13110958216
1.7573512891
2.70839889785
-1.16896115962
-1.34064764471
2.58177995285
-1.04172349548
-1.05453516251
-1.20785681068
-1.20741288038
-1.10584415516
-1.18545529364
-1.09161409863
-1.06259770059
-1.12448020135
2.26284134657
1.01356970728
-1.57248453344
-1.09861411137
-0.674563117067
-1.10309024368
-0.999890319762
-0.976787133671
2.94766866785
-1.22681169444
-1.11200909274
1.69895242772
2.67235340921
2.53374129153
1.17225376196
-1.01111750283
-1.11101311226
-1.05929973577
-1.08282124062
2.50968666897
-1.98412959103
-0.42054633913
2.13941997382
2.95574726775
-1.08503281685
-1.19653912795
-1.08562909613
-1.07331637369
-1.22246245859
2.85134695534
-1.05362346892
-1.0255415918
-0.973661401737
2.07568596475
2.85472108023
2.22747553748
-2.60557505319
-1.16161997212
1.74372402015
-1.08322002518
-0.974537303685
2.60861765769
-1.05180626854
-1.94880890957
-1.21303613217
-1.29616215834
-1.06555460501
-1.01455700128
-1.13618789078
-1.2409403583
-0.834465035841
2.65055699701
3.10024951705
-1.19241516045
-1.09091114992
-1.43839744432
-1.95785959403
-1.24663866777
2.77013360977
-1.0100857021
2.81842354626
-0.9128637093
-0.924567148521
-0.829570930536
-0.858071579208
-0.884968102773
-1.77291107013
-1.30719700613
-0.98166079852
1.49575830358
-1.02568746328
-1.08036204319
-1.05089939294
-1.5459041396
-1.58681236864
3.05166527055
-1.44578989072
-0.957046395775
-1.08362234587
-1.16952563385
2.89770205679
-1.23462629626
-1.18471704838
2.47003511153
-1.07790000433
-0.963776789838
-1.03282622125
-1.03818117727
-0.861774072134
2.64748387832
1.40784498307
-1.12603530746
2.7193443848
-0.99322452991
-0.957174711423
-1.06351577441
-0.918081121542
1.45299604977
-1.37685627076
-1.38210506912
-1.19401820331
-2.97230001409
1.82352103508
0.767818958726
2.42581671653
-1.04277115836
-1.31810987687
-1.02344533848
-1.76539340205
-0.885485613088
-1.0487754575
-1.12861564251
-1.07117901633
-0.917232958852
-0.87957690528
-1.05321186134
-0.960257897678
-0.889833588327
1.68956463875
-1.19719795087
-1.03534833554
-1.04795928378
-1.23523590657
-1.1244191347
-1.09566313508
-0.934792441459
-1.05126824363
-0.926322632639
-0.964560352614
-0.872050304529
-1.11559365207
-1.04850841342
2.92742536711
-0.933700556514
-1.15001869671
-0.849150783803
3.07855437368
1.07480747776
-1.08073553348
-1.59246069624
-1.10543005547
-1.08545591141
1.16878490225
-3.02794659052
0.899944914044
-1.34718877756
-1.14675647909
-1.16071481419
-1.06763650442
-1.09558044215
-1.10774363568
-1.19392797792
-1.14727427326
-0.931586589293
-2.93406365641
-0.915192632823
-1.15090608798
-1.20169942175
-0.988925730601
1.75048750612
-1.17669535462
-1.18434838146
-1.42215895596
-1.20812624255
-1.12567201375
-1.09794866364
-1.06941630815
1.46327209942
-1.06992813264
-0.884194455191
-1.00821607592
0.690249417139
1.22091930026
-1.62592689313
-1.459429664
-1.07045699303
-1.06591572542
-1.07987031005
-1.07447975156
-1.14277523683
-1.14175253131
-0.746658792775
-1.000834271
-1.13385835353
-1.03718515445
2.80888608079
-0.952938835135
-0.981672349339
-1.07259818924
-1.11150879274
2.74460364383
-1.14408807589
-1.23043706728
2.60870402151
-1.12609229164
-1.06426810398
-1.14938805163
-1.08358187816
-1.81175708838
-1.02145167201
-1.24053324344
-1.08776960553
-1.10801788442
-0.982024517031
-1.09282690364
-1.08010962584
-0.995944668214
-0.97504896798
0.787186855313
-1.16792693808
-1.11268244528
-1.09970079096
-1.11452499566
-1.11057263031
-1.01342254757
-0.9484298135
-1.01607053665
2.9595410499
-1.13485996009
-1.02910063074
-1.56622534724
0.678911950477
-0.242408765184
-1.17817623141
-1.62683047709
-1.11711211501
-1.10652140663
-0.975599885165
-0.997094588446
-1.01048771243
-1.05527811417
-0.973335133034
-1.09179543747
-1.08992833854
-1.18689364505
-1.16064673145
-2.72777023367
-1.70131995784
0.609496824637
2.56636179351
2.37584197516
-1.00842135106
-0.915548504976
-0.709778335948
-1.68513004113
0.912299848855
-0.400034876647
-1.12659133125
1.67545123811
-1.32430965239
-1.00873892144
-1.08982403914
-1.14322694688
-1.03734256683
-0.929528815902
-3.09349835086
-0.86875168517
-0.882059864649
-1.09021310137
1.11651547585
-1.20666105636
-1.16677217818
-1.08794750432
-1.02618591716
-1.52352445185
2.87128162738
-1.04876933914
-0.984402591983
-1.06818856343
-1.06414344887
-0.912530057039
-0.865860597267
-0.996222184683
2.9189025877
-1.41265009114
-1.22409810588
-1.26529911276
-1.01618177279
-1.0751046365
-1.17669852755
0.844084015385
1.17198337064
-1.28649825253
-1.119692
2.21479954313
-0.955787600994
-1.0514390196
-0.987310189952
-1.05494561333
2.94581142747
-1.85195357384
-1.09727050007
-1.1279825553
-1.15229317393
-1.14980089985
-1.09449150044
-1.15589322391
-1.01376309947
2.73012236838
-0.993155451043
-0.988427777798
-1.1055750436
-1.21589173936
-0.720603937142
-1.38705725132
-0.902069676682
-1.95800596685
-0.989194307512
-1.05001706024
-0.940765303886
-1.02021594862
-1.11451197698
-1.19737424612
-0.470443087952
2.46419377737
0.9380609552
-1.13008519953
-1.15792346786
-1.1793705773
-1.0014075114
2.97760383783
3.03472568582
0.718372473139
-0.96529085619
-0.965573278976
-1.08655718473
-1.00099082619
2.84207452529
-1.04386598022
-1.13442685129
-0.931370392447
-1.93510430284
-1.13437911265
-1.1842090882
-1.0836890398
-0.877947516877
-3.01400826973
-1.05762215109
-1.07711492763
-1.24253265679
-0.916795732135
-1.18341604699
-1.13642874398
1.31817977868
0.266381504461
2.55077636364
-1.09023358728
-1.07578961232
3.11419289065
1.87680413264
2.30885653952
-0.810876187104
-0.955346603705
-1.02608120146
-1.03473587709
1.80284475735
-0.746392024273
2.98333198937
2.87606232793
1.0776192784
2.85145622207
-1.55871496824
-1.27541866968
-1.13352609308
-1.04703337733
-1.05030095212
2.53327322067
-0.798713062225
-0.883499435926
-1.03839746657
-0.94751173018
2.39408868527
-1.0509485556
0.746677814215
-2.95653102434
-0.946618230635
2.80398997942
1.1330229331
-1.49172094845
-1.11670595523
-1.3077989113
-1.053173304
-1.02781957275
-1.16582864567
-0.923541413591
-0.985613183181
-0.988658541386
-3.07336418653
1.08329706607
-2.62780331019
-0.863558030202
2.99852493983
-1.17599419189
-1.09151778582
-1.24046464904
-1.16326337656
-1.12175687517
1.29081056821
-0.96172820881
-1.09949865924
3.01185280239
2.63381310579
-0.542876877781
2.03903271884
1.24012895342
-1.16999167794
-1.12393655333
-1.17048795508
0.805835146707
1.01974776107
-1.2698546711
2.05248826075
-0.890458022006
-0.925464727155
-2.82664347642
-0.936000454206
-1.10933264914
-1.20030702973
1.15480819154
-1.6210486473
0.857690471779
1.62941715015
2.04034810427
-1.32529229222
-1.55912629885
-1.18480760496
-1.07124529802
-0.994294858185
-1.00769081484
-1.04494238703
-1.0843153274
-1.05122535109
-0.906125066866
2.48385695218
-1.08416885814
-1.68593759998
1.38564230023
-0.983201316033
2.68066454677
-0.939929228317
-0.98535959945
-1.12249805557
-1.06040156856
-1.08925809269
-1.19782400327
-1.19493890323
-1.07344049919
-3.02605643482
0.465941218485
1.08409672562
0.643895903345
2.96282231857
2.15681692839
-1.15999848689
3.10262077609
-0.664880985116
2.63260468706
-1.02763882325
1.3656960642
-1.04277781602
1.36816425618
-2.63038099079
-0.924840042577
-0.774994506176
-0.743596251013
2.25269745718
-1.16942578396
-1.12842338148
-0.994245861027
-1.02349925876
-0.946836320963
-1.17889742501
-1.21936544414
-1.02448683705
-1.02322316102
-1.0322031043
-0.669946106828
-0.984446271486
-1.22723612582
-1.14980079507
-1.12420356624
-1.12321093539
-1.00941296152
-0.871594827465
-1.62623360258
-1.0664692962
-1.14340564452
-1.02188618354
-1.11519085722
-0.890488743069
-0.976627286594
-0.95784280182
-1.00123786203
-1.07527605837
-1.10210552552
-1.40798947572
-1.06387948155
-1.17752609949
-1.17344402267
-1.02947965173
-1.07491943024
-1.25272218149
-1.12794575337
2.02969039788
-1.05289719301
-1.11159552901
-0.947724683285
1.55086583928
-1.01839471598
-1.16958967728
-1.1312490758
-1.4122249625
-1.1354544269
-1.12137225538
-1.09900229947
-1.13296821423
-1.16839730425
-1.15191162654
-1.11549138428
-0.767823785384
-1.70716011619
-1.9581395125
-0.969329473657
-1.12122941252
-1.03260663766
-1.07146832359
-1.02448619344
2.32497188699
-0.902867078498
-1.01097659314
-1.92035363429
-1.0455128163
-1.07731163254
-1.1217048946
-1.01469934107
-0.957884715423
-0.990954305682
-0.946847531794
1.61292849165
-1.07042532908
-0.903571339739
2.82494384383
-1.2934605976
-1.11630414354
2.61672854901
-1.02509740888
-0.87746807148
-0.885641151957
-0.906898753715
1.77738745105
-0.912444547289
-1.00027056539
-0.959985911816
-1.27406370067
2.19111229709
-1.03972959577
-0.970548527637
-0.962516424707
-0.938056560142
2.69565859517
-0.884669533743
-0.728907596542
-0.619801343918
2.75460749692
-0.924256366972
-0.90440895172
-1.00941205341
-1.1071282544
-1.0669926595
-1.09992263389
-0.991760274808
-1.04443992899
-0.960269419363
-1.07953371279
-1.10719742506
-1.37591418801
1.21260492531
-0.940317214735
-1.09775679164
-0.899042218636
-0.998410168712
3.13239490431
-1.13584154554
2.72362201615
-1.11794076588
-1.11365202765
-1.26854954643
-0.930346301914
-1.0527234411
0.898119159905
2.74069509713
-1.82143814787
-1.2682340791
-1.09088392044
-1.20245357142
-0.829566480434
-1.00354803977
-1.04051302568
-1.0770527885
-1.03958597112
-1.01630581086
-0.9314058525
-0.950078318905
-1.07721867465
-1.11386310303
2.88381115348
-1.00709880565
-1.28766318752
-1.13859173445
2.95459347859
1.35890532155
-1.0696647436
0.566838786967
-1.02434750837
-1.1201726195
-1.09989439894
2.94494135514
-1.15773705868
-1.11194798454
2.42264432305
-0.984765870141
-0.954912952034
0.620917848526
-0.975698743444
-0.938958228785
-0.878733268444
-0.921021384446
-0.97175992035
-1.11199168603
-0.887905751836
-1.30134111139
-1.12380374589
-0.869278413815
-0.983721288351
-1.014642534
-0.979583184039
-1.94512769765
-1.10215660541
-1.10633256898
-1.05909230882
-1.05171815875
-1.08542814103
1.1088270137
-2.07631231156
-0.999653361658
-1.16428006597
-1.12801413261
-0.969597706231
-2.66924015569
-1.3973281221
-1.08065422281
-1.13816851382
-1.1013157866
-1.24978857551
-0.866991238552
-1.05481335818
-1.06606389106
-0.970363707623
-1.00704297766
-0.991570520456
-1.02089510354
-1.15340233268
2.58500195964
-1.21525439416
-0.896114965118
-2.57184445764
-1.03897732596
-1.03798747414
-1.14094956687
-2.82763715804
-1.42037318798
-1.1585591593
-1.05354625354
-0.940472074781
-0.971497689159
2.84994486773
-1.03864783611
-0.840630766214
2.47508434612
-1.26307349533
-1.17377133954
0.706892585772
2.08038697919
-1.08326946524
0.217062760084
-1.02821585382
-1.00051941781
2.5014836754
-1.08849125474
-1.06962900218
-1.15740622901
-1.06784838212
-1.07718782444
-1.47043513743
-1.02928043486
-1.06794854435
-1.02090828434
-2.43660412908
-1.11208494973
-1.18988349044
-1.23409086246
-1.38933177308
2.15781750625
0.165214401629
1.07384414972
1.652059783
1.26554587255
-1.13187577282
2.97031182316
2.05068519208
-1.05523921168
-1.01578226733
-0.992359014523
-1.02031704054
-1.39298530811
-0.979137812893
-0.603175550783
-2.62859270757
3.00159888693
-1.09321561772
1.56819232495
-0.954657051444
-0.768269558645
-1.04786907141
1.91457736046
-0.999055975578
-1.13609696501
-1.10952062037
-1.18497049985
-0.76458364517
2.93712652005
1.67083368425
-1.23070852898
2.03436901863
-2.79863271377
-1.18819294995
-1.04094000662
-2.35960380171
-1.10344617123
-2.51290897267
-1.12142199536
-1.04455514611
-1.18489441205
-1.10092477596
-1.09379855206
2.66347198203
-0.961901106464
-0.99977014616
-1.08718904886
-1.12936164197
-1.0556124783
-1.05406480285
1.23445793901
-1.01710490616
-1.24894815412
2.54895724768
-0.980495632664
-1.14414118452
2.6371664181
1.53737379517
-1.24425941348
1.42381798868
-1.419092166
-1.04130475339
2.66947648474
-1.03674799215
-1.23943201043
-0.985567474016
-1.03152731732
-0.990076415242
-1.00631220855
-0.912205514165
-0.931315566487
0.619757994523
-1.07974770482
-1.17397808082
-1.15964913655
2.94261222591
-1.59295175533
-1.36208718889
-1.04902427799
-0.949300503366
-1.19359374259
-1.09429856071
-1.01646994528
-1.02300047935
-1.1428786245
-3.05994235491
-1.03819242658
-1.10309508357
2.21684157074
-0.94230390525
-1.06393133201
-1.01016017779
-1.11065583407
-2.13566110869
-1.0306510288
-1.13157022754
-1.16045438526
-1.11038720996
-1.01407779667
-0.966468933877
-1.82498209918
-1.21411621127
-1.13373388431
-1.01177050931
-1.04472322048
-1.14237549725
-1.03739577512
-1.03991252699
2.77561165719
-1.00897700918
-1.00128421
-1.06426782065
-2.84737816104
-2.5831932055
-1.14765982857
-1.07774595744
-1.02288173737
-1.04293978255
3.00365866825
-0.979268098654
-0.979243895987
2.41048485111
-1.13219585019
-1.21905178571
-1.1254317704
2.55613011598
-0.940623548217
-1.20474822747
-2.27653440605
-1.16261309191
-1.06366251014
-1.3688299842
-1.18632282851
-0.873372420829
-1.18746229223
-1.18307848204
-1.29244160454
-1.07655690092
-1.16157588554
-1.04511932597
-1.14728637642
-1.16644367406
-1.16814918915
-1.19317135214
-3.00326788494
-1.00051346049
-1.55380678446
1.1960107443
-1.16587345507
-1.14069272248
-1.09195240195
-1.38801312974
-1.37646411858
-1.20263076586
-0.853961132298
-1.28510860438
-1.10358148895
2.90936248696
-2.69652120456
1.80140172982
1.33677348746
1.26493403581
-0.913333588552
-1.19292168812
-1.12264335951
2.90231604258
-2.59592361218
-1.41455679086
-1.1019655278
-1.08874103984
-1.16822965016
-1.10910261394
2.73630514133
-1.017411759
-0.829818232123
1.03035418908
1.13122304392
-3.07051072311
-1.1721350742
-1.05888822403
-0.975509031608
-1.14598494484
-0.876643245758
-0.982577061649
-1.01512042634
-1.08400278661
2.80942136992
2.65918509887
-1.12334825262
-1.07335081407
-1.09739229423
-0.913916132399
1.99306460381
-0.892541022104
-0.839879364085
2.75721049502
-1.00748667476
-3.11452792352
-1.91266543787
2.97064974711
2.39885514515
2.64044784989
2.73594608695
3.00330363379
3.00065571136
-3.04009268308
-1.09924306521
-1.12410510052
-2.67044053379
-3.08474824312
-1.65384248483
1.97150235806
1.86285748732
0.648747699845
0.952871458692
2.17100323124
-1.6097356156
-1.03538798921
-1.05846183404
2.00811914328
2.99701458196
-1.10984672887
-1.17964923759
-0.956006902733
-1.01437022446
-0.98391760359
1.73447265544
2.77883561726
2.41507254215
2.6559782662
-1.16660139986
-1.16931888506
1.06130985651
1.11709642832
-1.37441452231
-0.952962424877
-2.83298456151
-1.0637407793
-0.406549223596
2.36004765592
-1.07007980459
-1.1895324029
-1.1136973705
-1.04280647039
2.99501160144
-2.76909027884
0.468608493658
2.89073122326
0.940099472401
-2.86398436527
-1.05504711058
1.28279934918
-1.09641933619
2.53741024056
-0.851055661858
-1.21994697653
-1.14548501348
-1.17516991197
-1.13095793517
-1.11950275352
-1.13335077728
2.89931340487
-1.1499772533
-1.1900184496
2.54218777784
-1.13507699552
-0.999873121518
-1.05489875862
-3.1053711138
2.81064325703
-1.15208315477
-1.08846804853
2.20058837271
-0.976652889236
2.82168382847
2.10761897413
-1.18963367453
-1.47890188471
3.08672546116
-1.1715967535
-1.07569167293
2.84288520777
-0.995689259784
-1.06318807762
-1.08125745096
1.32520930228
-1.08599900829
2.5379336681
-0.997704046539
-1.00255698013
-1.028934225
-1.19795088045
-1.19538081399
-1.06157024889
-1.10022776086
-0.978752163804
-1.21134146983
-0.986314918737
-1.03298558569
-1.07554338436
-1.10746533857
-1.0746352146
-1.11269587713
-0.966982321482
-0.945457416393
-0.894513096363
-0.983987759613
-1.79718445324
-2.47898724297
-2.82453215498
-1.39043807885
-1.03042466428
-0.950362930579
-2.79256129501
-0.927766557324
1.89515797273
1.95220843235
-1.15213553448
1.77427871717
1.64924099788
2.93551900803
0.872892300117
-1.2112229278
2.51114023945
-1.06369006361
1.83593113773
-1.23801049831
-1.09256095494
-1.01509111765
0.929536975643
-0.959051333916
-1.11267043537
-1.10362795399
-1.05552525191
-0.804851004068
-1.91403525231
-1.24885682529
-1.13944841762
-1.0310531101
-1.13918748598
2.89816122249
1.10912284731
2.36899163191
2.98775429593
-1.06096932601
-1.02928045209
-1.09801998702
-1.10559224351
-1.15488162053
-1.15106364411
2.96435643299
-2.98095874363
-1.13706125312
-1.04200799235
-1.18654982349
-1.11801885985
-1.09907174616
-1.12485897883
-1.04806683189
-0.994417778087
-0.959971124312
-0.951363318496
-3.13035771485
-1.06839798429
-1.04082416126
-1.22879194789
0.956328524059
-1.37989362373
-1.48102043104
-1.12008178133
-1.02970753783
-1.11887115299
-1.16095290648
-1.47090053199
-1.34356331805
-1.0230271296
2.59574831222
-2.92176455486
-1.01467195296
2.93990431255
-2.41135927465
-1.32730899245
-1.08622290998
1.65473885463
2.86554073301
-0.931328571915
-1.23260808332
-1.06167198936
0.697432112202
-2.32732366734
-1.01173572283
-1.03019954163
-0.935620934304
0.151048067481
1.22391067308
-3.05046379031
0.0750050734779
-1.16706547473
-1.07421421046
-1.06065809127
-1.09086084973
-1.17396645507
-1.20347285769
-1.22745442934
-1.03633680201
1.26062111053
1.01039494154
-1.76254656649
0.783240066162
2.87450117409
-1.14894417195
-1.07045494241
-1.11865848978
-1.16808866328
2.84546425822
-1.00945090762
-1.09000189644
2.1774375182
-0.910374583402
-1.80395983599
-2.92635649579
1.49215327515
-1.43971344967
-1.01727266889
-0.996498249459
-1.12440968815
-1.00608245834
-1.09436236637
-1.08725427332
-1.00520730939
-0.963203263404
-2.52422555567
-0.949928944122
-1.09310260335
2.73225852818
-1.09835715111
-1.07535593211
-0.822228503674
0.674783688947
-1.54826080508
-1.06994679286
1.96114781894
-0.768219097277
-1.16153354723
-1.01462210721
-1.0572137926
-1.14386160261
-1.16237555428
2.79637672274
-1.11661534303
-1.01116970843
2.65847153643
-1.10053825396
-0.985714647776
-1.0750073174
-1.15661731473
-2.27775844612
-1.07143892966
-0.973357144611
1.19494514516
-1.6169294133
-2.36203393091
-1.11617907532
-1.33232468166
-1.0536296926
-0.968259241458
2.94635148812
0.325391249355
-1.51405151847
-1.01989570369
2.69478786499
-1.50262842825
-1.18871688468
-1.08134060411
-1.0430962552
-1.1202911859
-1.03702364549
-0.960827919685
-1.36199026621
-1.89814097568
-2.31346826899
-1.39724625284
-1.52592204223
1.78309981959
-1.06993258097
-0.98054312697
1.74570274259
-1.04024382877
-1.10644308801
-1.1305941376
-1.00753280599
-1.01501001943
-1.09794751498
2.67290802236
-0.992894721935
-1.01225349312
-1.0213655332
-0.947452847061
-0.978715217374
-1.46716138639
-2.47117649657
2.30788635131
-1.27306792144
2.82896866137
-0.0907428229297
-0.972423647307
-1.01657792877
-0.979901743317
-1.01192857374
-0.710350209436
-0.918167293122
-1.05731337696
-0.918644570139
-1.17937733986
-1.13979367839
-1.141477567
-0.917236119889
-1.47475917742
-1.18847263052
-1.34894560882
-1.08375799885
-1.26253501348
-1.03205304835
-0.897484288413
-1.00864037667
-0.978557124052
-0.783814740004
-1.8353691208
-1.5712681305
-1.21670251441
-0.979459508298
-1.06271726794
-1.04497579467
-1.03112184099
1.90259814665
-1.06663628202
-0.914576107554
-0.993948430353
-0.82130888615
-0.915177129385
-1.07832596777
2.99983934856
-1.25939610603
-1.02425488155
-3.08864469068
-2.92291630929
-1.28841677507
-1.15309009099
-1.1666597174
-2.64667295173
-1.1246391083
-1.85204924628
-1.10646885583
-0.982434435115
-1.10671170942
-1.95019257128
-0.950259248825
-0.907482098165
-1.70766643943
-1.13374134304
2.39908366545
-1.09423813583
2.90620941406
-1.02621172286
-1.08362155239
-0.961818646659
-1.03919503324
-1.05930262526
-0.990954095475
-0.914921659489
-1.02911616916
-1.13337146378
-1.13846564878
-1.14616689178
-1.07124887288
-2.18372862305
-1.58102577626
-1.04765655911
1.8296331874
2.19382323243
-1.07048652835
0.93228103614
-1.27934686634
-0.904196622914
-1.17093321159
-0.997823915632
-0.980479237822
-1.14566686469
-0.944225183823
-1.07205860216
-1.2219424073
-1.17445976433
-0.972088803659
-0.970597341119
-1.07123639561
-0.594384385337
2.15812764438
-1.01152189157
-0.901185607306
2.30334281761
-0.983833193631
-0.949150361232
-1.01689573124
-0.942220985235
-0.938743362148
-1.08687894308
2.5969836183
-1.03359490456
-1.15227008909
-0.6539705652
-1.52746721154
-1.01128867036
-1.05360752963
-0.998819638573
-1.21928183367
-1.11899975143
-1.13921284426
-1.06120447609
1.13580752756
-1.49417010935
-0.940185105896
-1.05353996504
-1.19810604504
0.730109141491
-0.734300685001
-1.44819527521
-1.11737926455
-1.24171982424
2.45912409099
2.95725302711
0.676094539722
2.00936703064
-3.12629202079
-0.933497122541
-1.00914493092
-0.96359552358
-0.921179185288
-0.979807956755
-1.17131553824
-1.02791897922
-1.04337788526
-1.07277530468
-1.06863047778
-0.920219434258
-0.917356969795
-0.903077174281
-1.00597588428
-1.10044727695
-1.06908422156
-1.05277041194
-1.06008560375
-0.938213910943
2.65307553271
-0.995946351261
-1.03118074185
-1.13923009506
-1.10100461923
-1.23143597523
-1.16964191198
-1.16082007121
-0.89907038533
-1.1740811341
-1.19427092823
-1.00867901633
-2.01358486127
-1.04053526931
-1.04592368309
-1.00272647153
-3.005301841
-2.97685853973
1.78428342295
-1.60354422164
-0.995850672551
-1.0099052074
-2.09715673405
-1.11207503063
-1.13073268286
1.17970631971
2.02370107299
-1.27751126114
2.7118648313
0.797585509506
-1.2053984021
-1.18418342996
-1.1457222662
-1.09435985294
-1.08855786924
-1.05262689134
-1.24718874922
-1.15124478538
-1.09704368883
-1.00874088701
-1.02024204937
-1.04539692352
-0.893249342958
-1.07230806662
-1.05479643864
-0.987830883315
-0.881099626585
-1.17603266491
2.5747013234
-1.02652070396
-1.10178523804
2.56975474774
2.55628187916

BETA

2.83843739704
2.79066585792
2.24921159737
2.45472935636
1.86626624483
-2.0650715304
-2.82816731207
-2.2596333008
2.2966644467
2.90679863212
2.83097908707
2.83337438638
-2.37254672913
2.92366472724
2.9741789509
2.78330067836
3.05852655124
2.88968873651
2.50857895473
2.78736970578
2.85272154264
2.24301160734
2.88822043087
2.90559159392
2.88007014603
2.82076206482
-2.86973188177
-2.33772506318
2.83487497536
2.81482705861
-2.5273512054
2.18337037666
2.60235886147
2.8089195803
2.97895428045
2.8453018802
2.84145829946
2.94730064361
-2.96178717785
2.89292000961
2.89904318473
3.02854493579
2.91049288718
2.82283924846
3.0255426265
2.84977533473
-2.53159242664
2.44109099956
3.13662129954
-2.77493481904
2.5992335318
-2.6294349462
2.90855025904
-2.52851252706
-2.73307997237
2.85011756463
2.75021701904
2.73917136315
-2.86117315174
2.23293246188
-1.87649513869
2.83456297144
2.97366431825
-2.60193061339
-2.72531903069
2.61546339978
2.89661268336
2.45543178018
-2.50466381225
-1.85101900308
2.00984872664
-3.0972681496
2.48999063514
-2.91703332025
-1.95877026543
-2.41355660248
-2.56412525164
2.15817559096
2.48911523702
-2.12031441876
1.80652437631
-2.52781963222
2.02871023773
-1.90742930712
-2.70434733014
-2.49713369505
-2.46970981437
2.4949338672
-3.07838967287
-3.11831806543
3.09887727629
-2.3638264561
-3.10034626832
3.09604520608
-2.68073918121
-3.08347368515
3.05342151822
-2.26218494905
2.59560938399
-3.13104082259
2.88223493229
-3.105707197
2.96170603366
3.00613710354
3.02659674191
2.77766030519
2.93569948079
-2.73708314398
2.26741399167
-2.84230603687
2.84825220096
2.4127869747
3.06410501578
2.85462479701
2.95646279357
-2.6529114183
2.86751193329
2.85614400121
2.49793288148
-2.2533259339
2.92734521985
2.19957742925
2.87324736056
2.89011734389
2.92378918155
2.86371487082
-2.55650525222
1.85787155997
2.44720275194
-2.25018262992
2.8978051035
2.88675001175
2.89833613429
2.52685395303
2.84706050755
-2.89538876314
-2.53360822841
3.01193781169
2.84185058988
2.84685750161
-2.32868018674
-2.37097645053
-2.08410607282
-3.0973143452
2.90279211649
-2.5219004071
2.88758050919
2.85840945165
-2.29168217566
2.86880068735
1.96462989239
2.84795045357
-3.1188304003
2.94864045384
2.86570685381
2.78046165675
2.89190013635
3.00808413519
-2.9420235887
2.23541493382
2.66955250184
2.87733451408
2.35779377113
1.76036123288
-2.9479396039
-2.44271772926
2.96125509884
-2.73393008701
2.81657963891
3.03037656213
2.66027340186
2.54570365951
2.82052823944
-2.15889035981
3.13091246829
2.92952875984
-2.43993999288
2.82008379345
2.87758030135
2.83258449917
-2.44937697947
2.5202604319
2.90880875969
-2.40380228045
2.78610129154
3.02163803155
2.89876014787
2.2631433685
2.75673625288
2.91776521635
-2.02877540865
2.97965073156
2.89307895046
2.81193604341
-2.75490313371
2.49509745576
-2.30624534739
-1.7984385128
2.89188792554
-2.73725342087
3.0470955693
2.755426962
2.8658479142
2.78778007118
-2.32845844767
2.9756681146
2.15808145493
1.9993908277
2.70020586247
-2.08127376147
-2.34412841387
-2.0061822179
2.84214488901
2.96220933839
2.85372067884
2.29824679035
2.86166732768
2.82090001745
2.85060740624
2.90246230602
2.77226576889
-3.1337429525
2.88766790984
2.86202715266
2.34062613949
-2.49662517617
3.13808859197
2.84835529919
2.82588747258
2.87965277954
2.89098452662
3.08884621928
2.80418057477
3.09013159663
2.85129631901
2.89290698895
2.87375174402
2.86133800437
2.85846317009
2.20027206416
2.78817750314
-3.06193045941
-2.88785111574
2.69767778727
2.28230711717
-2.57303561773
1.21718628394
2.99211217217
2.87780798061
2.77218662111
2.78677110146
-3.12243056907
3.13975144757
2.87036636023
3.03556205623
3.00730636437
2.74356343771
2.89885986888
2.9131717149
2.89627215402
2.51629266532
2.17703786424
2.77550689844
2.64564676205
2.81407305183
3.02048173574
-2.74482379053
2.98077474338
2.95844777064
2.85865878812
2.92255468688
2.9720585469
2.91377036692
3.06752888122
-1.97005590364
3.01272678303
2.78088489899
2.93905477462
-2.62837717862
2.88722239746
-2.43102196618
2.67513212996
2.73734764816
2.8959470219
2.9020682402
2.86278254104
2.91363301476
2.97184706092
2.38933013056
2.90775611542
2.90232002135
2.92906963686
-2.62407160464
2.86438287413
2.79224618295
2.91649578875
2.89639551445
2.77600782227
2.65410498646
2.95224247867
-2.24069979085
2.96735429936
2.76583161096
2.77041009895
2.9751664398
-3.04549751728
2.88671753489
-2.90309218353
2.8955570586
3.112134374
2.82031192692
2.89844510483
2.87009794209
2.84760328767
3.06743785793
3.08206385211
-3.11876174873
2.93247836371
2.90629796935
2.87835341767
2.40652491842
2.83992201784
2.7883686048
2.52557816866
2.7156597434
2.88361563394
-2.60796709534
1.34293364377
2.35736578959
2.78225727608
-2.99428021556
-2.40644509264
2.91051611438
3.0490866782
2.94664890492
2.86298969529
2.87398497488
2.95164684279
2.7316702216
2.76937645789
2.88442231897
3.11798173164
2.93348996153
2.14698262247
-2.83630335196
-2.27590080411
-1.893785543
-2.39277683778
2.97032363943
2.85328286687
2.17310899347
-1.77083996858
-2.46326900231
-2.67347214201
3.11282649901
-1.96687950471
3.07528732337
2.94582826529
2.99216177149
2.87457700093
2.88620262496
2.50597457486
2.56405752519
2.57628240482
2.91119410247
2.57437476593
-2.85668441482
2.44173326636
-3.10405888962
3.0501458223
2.88425556517
1.61228763113
-2.49037085094
2.94295710397
2.95035114847
2.96413600137
2.8665607483
2.96502855617
2.78936462847
2.77601612975
2.75147246215
2.67007729949
2.90810400964
2.76438527663
2.88586228655
2.89371124761
3.11547412631
-2.94896706545
2.85177838979
2.74451482333
2.93027980326
-2.80453926355
2.79638841967
2.96011309449
2.84022313726
3.04468526428
-2.91314696925
2.45258927527
2.95367017195
2.9368991142
2.93307368409
3.01675299379
2.91301745924
2.80603774346
2.79977597682
-2.12704648897
2.84009079536
2.92189357828
2.79952857119
2.92978943175
2.85530687226
1.65634337871
2.35755304783
-2.52943879889
2.81846620189
2.80831984878
2.8698895295
2.82407210313
2.94196521154
2.87374402763
-1.54703689922
2.38569516914
-2.49458183048
2.71642333461
2.83862948968
2.90813146836
2.37917756872
2.35746784236
2.54696015056
3.11808676398
2.90343281121
2.75980821421
2.75997437511
2.83484125236
-2.64952181666
2.91935704656
2.90403358077
2.83260262762
-3.06011353791
2.74784909852
2.92070985188
2.98085652091
2.73696469576
2.73196372347
2.9108360193
2.78175773454
2.87577653896
2.72110292742
2.85112090739
2.63209320189
2.93576513566
-1.79778778055
-2.01641462952
2.81067739541
2.98185365053
-2.47447057412
-1.88288296785
-2.21253045586
2.29720694466
2.82230569486
2.79543443495
2.85785981649
-1.70309568528
2.39174401488
3.11499967649
-2.48893773591
-2.52428561009
2.178374008
2.96304423064
2.86333707809
3.04868480317
2.75616919541
2.89673310698
-2.83759938613
2.59892856887
2.82628468823
2.91125614192
2.83732287082
-2.57969850581
-3.10524392313
2.45616240145
2.04834704
2.60704368245
2.59566141341
-2.46604296454
-2.29771614558
2.76425084835
2.90549999003
2.89715690027
2.94206409023
3.02233999217
2.8214243645
2.53880789724
2.04394203161
-2.58122301084
-2.31464572396
-2.24906336433
2.6121820961
-3.04375511998
2.14795289367
2.84957891236
2.87745524509
2.8730144171
2.91863422193
3.0289023065
2.6960151943
2.64036166011
2.47951583918
-2.30457255151
1.97656379274
-2.98359427767
-2.25820270439
3.03057534808
2.83484858633
2.91923527256
3.01104752655
3.12639534915
-3.04481597356
2.9113799736
-2.33616330542
2.76897471774
2.71840489053
2.17303238948
2.86798566629
2.98003948446
2.95505748865
2.84418312286
-3.11571387103
2.72998127102
2.60705131139
2.75302140142
2.52904511251
-2.09460944776
-2.88616455734
2.98753826444
2.88198208801
2.85727981304
2.85649665549
2.72143970651
2.82145586729
2.89389754689
2.86584133286
-2.49491562854
2.56660524728
1.39599332658
-1.76287076696
2.88915190201
-2.67548944499
2.79353707173
2.86351120042
2.95519090173
2.9043327442
3.00689575313
2.69539711204
2.91826844342
2.53486589849
-2.46991625045
-2.44215798115
-3.11604771479
2.90226466335
2.84468530048
-2.91104887912
2.70852085207
2.33026778382
2.98265312127
-2.58938612451
3.02167209527
2.95615221056
2.60559805029
2.78784870796
-1.93001768128
2.70927823957
-2.05876512479
-2.14981351504
2.91823080728
2.91312016506
2.89832241477
2.88603114363
2.68395548298
3.00622497332
2.91408114036
3.02349553004
2.91462068209
2.86347305258
2.75095155015
-2.79926151341
2.78478514161
-3.10551557443
2.88573177527
2.88632996383
2.87880508466
2.93063735441
2.48233633081
2.87045711064
2.99328632855
2.90415049455
2.9116983493
-3.13890741992
2.79806829079
2.83247711052
2.85930676866
2.74129318561
2.74939551689
2.98949739775
-2.54771857544
2.7318388319
2.87522867268
3.10718186105
2.8202227068
2.8951230385
-2.96017276196
2.88913334169
-2.76497327923
2.94700403396
3.01377715898
2.85585551391
2.38835511653
2.85007640966
2.69439243209
2.74005597067
2.93073709394
2.94644527999
2.88116074377
-3.12359701298
2.51711983926
2.88070692137
2.84985888063
2.83457769239
2.57501965029
3.06721894165
-2.93254402062
2.82525507373
2.93817553111
2.87016740368
2.88228352966
2.8612880295
-2.77410776347
2.64942346472
2.91545365054
2.57239001925
2.92717218976
2.98838447506
3.05371489547
3.01668314865
2.83666663622
2.94637559972
2.69573442663
-2.32491606215
2.98041106292
2.71985324225
-2.98210981959
-2.9640838619
2.83616677994
-2.74777770561
3.06589014223
2.84508874327
2.7495957933
2.80509820851
-2.55850255004
2.88067379097
2.85425800649
2.89321856535
2.74067649688
2.56317060929
2.90957971823
2.87264081294
2.85432339914
2.90626233133
-2.525578579
2.7569922707
2.78401870109
2.39555703358
-2.58375722199
2.77389418673
2.85530215518
2.64478614303
2.91493117987
2.88138016397
3.07156703824
2.83263031683
2.88506916041
2.56127967535
2.81102902861
3.00396722121
2.90811885478
-1.78325347603
2.82650437017
2.8232812563
2.40024219146
2.61096230107
-3.07420159261
2.86922653656
-2.58133266681
2.8245088017
2.90896242882
3.05808269122
2.84184141837
3.00381564177
-2.7222239338
2.76690418313
-2.42946313029
2.55175109721
2.76146319769
3.03755868573
2.73657417394
2.84898792522
2.93546931881
2.86819415998
2.86809974684
2.88290564872
2.59797684181
2.69611664826
2.45309727895
2.85922068873
-2.43109802657
2.97723848229
2.98888042723
2.75308593324
2.26924945848
-2.53986778557
-2.58489423523
2.56732794529
2.9277093594
3.00973867031
2.92967994309
2.85501976149
2.75766846483
2.94586877751
-2.01177458854
2.90466452989
-2.5533463231
2.92571328649
2.79497423774
2.87151337484
2.80053851104
2.82382446942
2.88124475464
2.856301515
2.90284524777
2.40627941936
3.03468858703
2.7848069628
2.92219931563
2.99708792357
2.66724525338
2.13004479495
2.86659596889
2.88852380488
3.09876643437
2.66895662907
-3.11583767499
-2.88122100145
-2.83624310388
2.85166311506
2.84226398571
2.45600326619
-3.11718266512
2.83995990438
3.06758687133
3.02269103708
2.66499390865
2.85739271584
2.90798644381
3.04802294329
2.60692147533
2.89964748053
2.78406762483
3.05846921822
3.04249953617
2.96569788644
2.89465466649
-2.52649013804
3.09288503054
2.72694724598
1.91410375983
2.65331977962
2.77721491842
2.83344759345
2.55086277749
2.97139987553
2.78007025105
3.10018084373
2.79549210805
2.91147250049
-2.51129073026
2.8875917821
2.62868947694
-2.69947362331
2.78931702074
-2.72308253296
2.98497856991
3.10596271854
2.87721231688
2.19585226482
2.85229038088
3.05045170805
-2.72587995743
2.84053956041
2.81790867952
2.89650292336
2.70800846485
2.8463870108
-2.67457807059
3.01957002208
2.90986653251
2.84200569448
1.7524980024
2.83114618415
2.92144100047
-3.1004684009
2.22845032449
2.97245323941
1.97950408195
2.13831514032
-2.63460129295
-2.47059061845
2.81128191756
-2.84711048292
1.76826716192
2.8929357738
2.92998206156
2.85872579662
2.96419022576
2.35274263409
3.00323159367
-1.92058089677
1.7677770347
-2.97785850157
-3.09968371891
-2.20748118095
2.84999008632
2.70572176009
2.94541453247
-2.41640963933
2.77995065544
3.0556247945
2.74552724481
3.05541264994
-2.0456499752
2.70810248512
-2.12914551297
-2.14126826008
2.90628988484
-2.70259128791
-3.01552166053
2.88052561885
2.08586958043
2.86286375565
2.57963591574
-3.12711852247
2.83696449844
3.05205909097
2.85625611997
2.8707808361
-2.85383654376
2.71259719595
-3.13404646429
2.85952873505
2.81865108171
2.87480303421
2.86898470649
-2.74323906235
2.06644263202
2.90074622002
-2.25602664488
2.84307411292
2.8089977836
-2.43019957979
2.79226815215
-2.20137972213
-2.13070445163
-2.4555406459
2.83857705537
3.05748154735
2.88261582322
-3.03866792517
2.6081824676
2.86760404797
2.84534491319
2.81601619882
2.92764632933
2.98196632257
2.72017573463
3.0226163632
2.88927639343
2.85091367388
2.66609960079
1.34428821726
2.4965043018
-3.10608038693
2.62940860863
3.06182610939
2.70513347862
2.88067703299
2.95063144497
2.91869946009
2.188718852
2.42938435341
2.90117864502
-1.98809145967
2.69039145362
2.72295668263
2.80058598046
2.75602054861
1.60578194206
2.82301269712
2.84367077693
2.80131176077
3.00054240042
2.88656302278
2.75764429846
1.34170765817
2.90174403738
2.88455571689
2.96499220292
2.54634569528
2.86243957433
3.06313456896
2.91700198308
-2.5367737048
2.87081949431
2.55375125291
2.92047393595
2.46825320082
-1.65655387614
2.91413203527
2.93711193682
2.88858110936
2.89162761264
-2.53511102959
2.8132790201
2.73901673453
-3.05629836581
2.89126026309
2.93745513715
3.0341511702
-2.9000535477
2.5078349644
2.84402124027
1.98655237687
3.04357648688
2.86558538816
-2.48377536103
-3.08409966468
2.47570553405
2.79248406936
2.99192311223
3.0434835712
2.95059110474
2.85741683559
2.86537381997
2.81658439447
2.85251017386
2.84933695745
2.88057944368
2.27825673495
2.97098171375
1.74958718342
2.15575700361
2.91501956836
2.88196311311
2.91682864168
-2.74043356523
2.46917109207
-1.83375060943
2.92557406774
-2.05274663569
-2.59414360454
3.02159592762
2.4314579972
3.00098976643
-2.80534975295
2.62901276512
-3.08226145514
3.00311206462
2.87192484976
2.71012583548
2.51443449252
2.75783427862
-2.62046431098
2.96089461246
2.84621137982
2.83490020884
2.88681900547
-2.73253689356
3.07838037989
2.8703031502
3.09179667463
-2.85916829604
-2.73248196974
3.11611749935
-3.09466557195
2.87412204795
-2.99508794843
2.83429372203
2.82526896722
2.63314209522
2.90384721805
-2.54888736996
-2.74204798022
2.60810498256
2.63507368866
2.8729987675
2.23720780251
-1.82397333669
2.66672364635
2.50201514834
-2.53386645937
2.8312659834
2.37713087724
2.12873846043
-2.40265056047
-1.87338850528
-3.13513306666
-2.87945024201
3.13188872901
-2.6020341529
-2.53095492028
2.60752954764
2.04620363583
-2.78730439039
-2.85163642658
-2.95152333779
-1.92747156749
-2.57505647374
2.44569317676
2.77060309346
2.60443248695
2.24086282592
2.85299425114
2.85048972458
-1.93574091464
-2.4033336464
2.87315783559
3.06467773601
2.89667282312
2.87962021772
2.72730560834
-1.65332510459
-3.09994723325
-1.93210713857
-2.86918197898
3.03626310691
-3.07036495731
-2.29894815719
2.42432326578
-2.83088822872
2.23714362329
2.20331443251
2.69178276381
-1.95090832482
-2.92529641279
2.85874907903
2.72046037166
2.90867672752
2.92044166654
-2.66849814282
-2.59837963025
-2.00083742698
-3.11741765446
-1.87747601713
3.13287754357
2.89579218469
-1.95420198865
3.09974534918
-2.66722928115
2.75692390789
3.07771641368
2.49851617082
2.94667860252
2.88797742719
3.05075137167
2.9366421304
2.35548140458
2.8228429903
2.93571122097
-2.01102978654
2.84398816942
2.80976053239
2.72292696949
-2.49704802085
1.57026019658
2.79097928498
-3.08786564645
-2.55886860943
2.81209020757
-2.53657932546
-2.94596123773
2.42637346489
2.49804193856
-3.02312080682
2.85192915334
2.90735103427
-2.56806781967
2.76446524963
2.73977879625
2.61357686674
-1.80820025957
3.02961342916
-2.62342773686
2.85071598266
3.0128143101
2.94291950644
2.9114840862
3.05930535782
2.71026275011
2.86503821944
2.78585878519
-2.91124433131
2.88032234046
2.86248803121
2.94316879459
3.01095857918
3.04759987637
2.87397789036
2.8743814191
2.84723128224
2.82652840418
2.94741316949
1.79219895756
-3.07431450468
2.38164197979
-3.00616837326
2.91229000658
2.83568067307
2.23569181791
2.78012288834
-2.39131399894
-2.27927929867
-3.07490243663
-1.69985816751
3.01583059364
2.84089109867
-2.84918473722
2.54600518887
-2.30858944905
-2.86383296502
-2.68152656151
2.57361395811
2.93758614215
-2.95547372497
-3.13014318064
2.68614851839
2.86701185578
2.80835970426
2.87319990477
2.8572479217
2.8356435607
2.89359156421
2.89869722727
2.86899140973
2.8537581631
2.40790694835
-2.81341021241
-3.00349101689
-2.79828345097
3.08057264526
2.93761620577
2.95516231039
2.86936279256
2.88070357114
2.85348248339
2.64199511107
-2.16543094205
-3.09414689183
2.51247783181
2.68036966826
2.8889842337
2.92861755195
2.98346273046
2.87365180869
2.84308176344
2.78400521301
2.68419639545
2.25173639613
2.8422908172
-2.53909129215
2.10032799134
2.30002047371
-2.1306489402
-2.81711333155
2.90504780454
2.85658274989
2.89611631761
2.82993813212
-2.38184205928
-3.13527091027
2.90870776566
-2.42643948741
-2.48588650877
2.97120243134
2.40992611211
-1.9384061189
-2.98278768248
3.00331103302
-2.72111573256
2.61744141139
-1.99930569734
2.38618485251
3.00130225076
1.99934973417
1.50438044463
2.55270229117
2.89052744013
3.0327614435
2.57323597897
-2.26344733738
-2.61916154873
2.47479578318
2.29152045309
3.03938288806
3.07050355126
2.85004162935
3.01976089116
2.75923673751
2.88809646541
3.00462745959
2.71180662134
2.62778437092
2.06083873594
-3.05682791526
-2.91134468926
-2.94174917218
3.02614825552
3.00935942688
2.83999151026
2.89141283631
-2.95991649687
2.86553799455
2.92875003903
-2.65520522063
2.42852492229
2.60960395456
2.13940458211
2.92978767645
-3.0673795862
3.01568396985
2.81778531715
3.02429678552
2.86189978931
2.91595415593
2.87054674407
3.05222578364
2.85064179273
2.36485548739
2.28533195961
2.79951251916
-2.46520034897
2.98156694653
2.88617131977
2.39871928174
-2.84408350096
-2.89133537812
3.01045815472
-2.41242584491
2.54330086771
2.98172027377
2.79563781855
2.85918350707
3.01674771966
2.92870736126
2.40284420312
2.82462700461
2.98698958802
-2.25384483358
2.9302277658
2.83592352923
2.81227361056
2.78726938234
2.33180885268
2.83081026752
2.78807443871
-2.54046622873
2.28380946815
2.4912450689
-2.87726677205
2.97838557337
2.89598802194
2.82019558121
2.40425723463
-2.74724399097
-2.85491950224
2.72439357053
-2.60279841799
3.04553343023
3.05315183606
3.05511451006
2.76882009634
2.88722288158
2.81139031238
2.49487670096
-2.99222366214
2.81572362491
2.9582615654
1.94479827717
2.74235287746
-3.04798605251
-2.66272918104
2.75747651775
-1.53635562472
2.90773755838
2.86824862353
2.88921478923
2.89032534762
2.8434854667
2.86636509693
-2.7681245573
2.99001412341
2.83492564476
2.9107301413
2.51378160187
-2.98542558235
2.97944520098
2.7581246104
2.44428493022
2.89265154228
2.44696284897
3.07636742334
2.76978015359
2.79591201413
2.89693555644
2.9948819226
2.73818216144
2.71961360814
2.92712970523
2.71229908576
3.04582885698
2.7269513359
2.80268434758
-3.06312678337
2.65008093791
2.36866496992
2.8718825507
2.71048117691
2.74952120644
2.85108328192
2.93088051002
2.91468385641
2.62744334607
-2.74952664316
-2.95612420608
1.36937496848
2.54132835369
2.83964972799
2.80619011759
2.62726047517
2.9422557085
-1.92428614325
2.99784260328
2.80599631039
2.83979692192
2.78520228025
2.89488408652
2.76499864934
2.36812602716
2.91225356411
2.8610761239
-3.07182241244
2.40322696884
-2.93820319976
2.90271832314
2.90036594643
2.26777863641
2.95905159711
2.15629753367
-3.10804110229
2.6132281001
2.84399791106
1.56443249899
2.84313223041
2.67960178848
2.76473813757
2.50024120474
-2.54886819039
-3.07554913886
-2.76710948784
2.85958692873
-3.07168308123
2.89104243241
2.90524563037
2.8860598578
2.95402262742
2.67591980787
2.85155895971
2.87860325856
2.88791946812
2.93596159435
2.88433179402
2.04550413654
-2.2876334343
3.00903901831
2.21252220265
-3.00569682652
2.52808439424
-2.44852043738
-3.07971250698
2.71176020094
2.97936384347
2.23078739651
2.93229999011
2.88815144615
2.17606422925
3.02482440612
2.8370837525
2.86918865109
2.39721622523
2.90158358947
3.10287146098
2.76135714051
2.83406220535
2.13860795929
-2.84855052019
2.83998653105
2.86837923527
-2.37651819158
2.88026453779
2.83400215259
2.82017194657
2.83832100872
2.79921859727
3.10787152964
-2.46743809388
2.95472726604
2.94254950092
2.11338205666
3.03059073855
2.59743068004
2.79018205304
2.64414261853
3.05410321519
2.94838294944
2.93319843699
2.85311321227
-2.30193613284
-2.66877495052
2.64959145902
2.76880354117
2.88360237105
3.06940551242
2.75937388364
3.11633561702
2.94698420781
2.9241464447
-2.04472174414
-2.6635724229
-2.58773284198
-1.59772854919
-2.40658827579
2.84362233217
2.79330450503
2.82680504787
2.79332431855
2.80706160956
2.89363687632
2.84190309883
2.85604561844
2.92553942475
2.99583617612
2.81280129172
2.62015061147
2.7928849932
2.69487979834
2.85213484904
-3.13108901425
2.88194636222
2.89859426595
2.75591710967
-2.67093759297
2.78513044369
2.83803545136
3.01345995134
2.89648526771
2.93157313807
2.90265972643
2.87528206062
2.36648458697
2.65084351832
2.90027829902
2.98416223899
1.84551413477
2.87565010724
2.85353284098
2.86797858508
1.84215125029
2.93627362392
-1.663711827
-2.0527654511
2.80631918718
2.82542102739
1.75833123743
2.76933326854
2.87379678672
3.11754406739
2.46206312591
-2.71816455059
-2.04857212848
-1.83821941249
2.77655962641
-2.80594906402
2.65820582251
2.91134241351
2.98676711332
2.95217187822
2.79040506214
2.91842975736
2.92766337699
2.92916871522
-2.58908874558
-2.18087203652
2.95243314563
2.86338231605
3.06544080964
2.87611326405
2.82200242403
2.90798966845
2.8709560523
2.62046742793
2.41116307014
1.66395162341
2.89485951834
2.84245660777
-2.30656849749
-1.93765215527

GAMMA


DELTA

1.23195906829
1.22725728415
1.22638701978
1.2313990216
1.21781006687
1.27678093337
2.26008698975
2.30474457465
1.21436621992
1.21559421865
1.20159969609
1.20699125237
2.32034260055
1.19968859477
1.19831251958
1.21035459056
1.18976263768
1.19226842034
1.22314396104
1.22364051147
1.19669396362
1.17325801605
1.17323114007
1.16252351165
1.16219506986
1.18639300792
1.21955656603
1.21585681347
1.15373131784
2.25999071261
2.27007748028
1.22716459409
1.22395628295
1.1909216816
1.18278664516
1.19889722011
1.18705086672
1.17904758551
1.19514132046
1.17673436694
1.17326383702
1.19415105372
1.16491393039
1.17664077013
1.22515025289
1.24008850062
2.3097933748
2.30162416915
2.24435500386
2.2766443261
2.32597888572
1.18055480878
1.16083827149
1.19572245821
1.20380822609
1.18267001657
1.19938122304
1.2190119323
1.23305885407
2.25987955336
1.21014207585
1.21413048975
1.17061747006
2.24727216283
2.27296090686
1.20372682171
1.16895109029
1.18639460919
1.2714306925
2.29251398232
2.39751013331
1.16031429412
2.27688994813
1.15339725721
1.24152859827
1.21196786063
1.2136790172
1.22213923988
1.22620760899
1.22093602979
1.21383228964
1.18906006376
1.2339039476
1.20613684632
2.31145887781
2.31016518962
1.22138413678
2.3160162671
2.3366742796
2.20727214094
1.22331001017
1.21065665557
1.20921450324
2.33028017202
1.2106246338
2.28857277791
1.15336918264
1.2273129341
1.20070620189
1.13769971355
1.17233250596
1.18348975857
1.19232083626
1.18945866315
1.16728512107
1.18221667779
1.19160019377
1.2284779906
2.31189983671
1.22556888571
1.24527472408
1.22557603011
1.18075419579
1.19202049438
2.26984043327
1.22084297235
1.24580201163
1.22321228039
2.3253419221
2.33715506382
1.2028031552
1.22068904751
1.21619717985
1.19376407027
1.16665110931
1.15785125761
1.22555963598
1.25198333017
2.25902680729
2.32286717288
1.20018375366
1.19452505343
1.22177570422
1.22010136619
1.19914438829
1.18766743008
1.2125035744
1.19525269865
1.17805297266
1.19620300377
1.20272502172
1.25187554762
1.21513938727
1.20232530901
1.21705794379
1.21040493631
1.22153337749
1.20490976881
1.21706762183
1.2162255337
1.2179868772
1.19745902844
1.19538433915
1.17689103804
1.19254344845
1.21016728619
1.1953268862
1.21226185674
1.19469134723
1.19543119245
1.24989600329
1.25139362766
1.16854742085
1.22768791695
1.19629604378
1.20310743071
1.19668207163
1.22286837316
1.18737360015
1.18273037375
1.17463285294
1.20694437488
2.34817253768
1.2636001826
1.18395285871
1.20804391637
1.26929969603
1.21119046696
1.21884326303
1.22847880295
2.24267280733
2.28515539889
2.28765049166
1.24487881544
1.21910329508
1.178329622
1.20359659701
1.18510488066
1.22937890672
1.23098068265
1.21026578138
1.21065864665
1.18785549952
1.19223622642
1.23697064781
1.23635042146
2.28934761288
1.22722840305
1.22817922646
1.21843143522
1.19826445551
1.19060127003
1.18759656843
1.1574480356
1.22455627667
1.13319720406
1.14667014752
1.2030028217
1.14578977938
2.33443783298
1.17549430056
1.20239417404
1.21237536835
1.18805516147
1.17688976542
1.19029699342
1.19632076778
1.16625693903
1.19470799499
1.17744057126
1.18474069174
1.18031008573
1.15943067359
1.16265768519
1.17099595384
1.20412743272
1.18389259207
1.19371182192
1.17782430366
1.21305161204
1.21705157453
1.19439396333
1.19391637429
1.17920529485
1.16075223379
1.15983874162
1.20744730504
1.18951521785
1.21101758976
1.2312073163
1.20574385471
1.16785773433
2.28023459076
2.33427840986
1.20460837172
2.29587087996
1.18046685551
1.1924029814
1.21292993673
2.34461839401
2.33343519407
1.19603942289
1.17372492463
1.19224198529
1.20027474576
1.20345379551
1.17745932287
1.17616018619
1.20075430221
1.2224589562
1.21272750467
1.22550393759
1.21626648637
1.19362089468
1.23573127548
2.34309832647
1.21330466659
1.21136555149
1.19184363793
1.19452858818
1.20174763908
1.17498604045
1.17196701084
2.27604730354
1.216722939
1.22822746162
1.18919254635
1.17057292729
2.34373799796
2.29757778103
2.28822730106
1.22826756406
1.19845483395
1.19126957562
1.18200353659
1.1912918384
1.18995038435
1.17284458851
1.23387865526
1.18965628333
1.18225256795
1.20649849535
1.2236043842
1.20068794729
1.18502527984
1.17771768514
1.18201668936
1.21598501364
1.28772162958
1.2096266369
1.2214842616
1.20726889361
1.18700016304
1.20494809189
2.28661107504
1.19276553708
1.20103793604
1.18566101872
1.16132518587
1.19614905914
1.18154202088
1.16980195707
1.21120920752
1.20186804136
2.25855678498
1.21999198269
1.20921568987
1.1694039593
1.16920768086
1.18854491638
1.24343497625
1.23346247161
1.21635911269
1.20332394267
1.2093849653
1.24660204892
2.25790647485
2.28609211867
2.35710388489
1.21301318848
1.20625170442
1.18464633503
1.185011878
1.17897467712
1.18326771911
1.17190641767
1.19479291593
1.19401241222
1.18508730608
1.17561589018
1.20856038099
1.1981621297
1.18052382519
2.27063121981
2.29408422588
1.1907226746
1.22310169799
1.20698474245
1.20265386512
1.17040063585
2.25331884924
1.25598837202
1.22897970816
1.24214871652
1.2184953971
1.22380869487
1.1926951013
1.19107365688
1.2043064368
1.20126843928
1.18338705822
1.22433071377
1.22339670406
1.25079632877
1.21304200787
2.26635246877
2.30665694872
1.19889708927
1.18141510709
1.17596774837
1.18929821806
2.32611025457
1.21173048003
1.22835792665
1.18284181692
1.16304870246
1.22592303386
1.19365810946
1.17110684876
1.19134935293
1.18846153885
1.23642425486
1.25970285253
1.2315309617
1.20613844464
1.19104949201
1.15185401011
2.33034472197
1.24771247189
1.21244069122
1.21707063664
1.18143762126
1.17017599101
1.20612076661
1.21421192679
1.19803571439
1.18349890808
1.19259349192
1.20206186591
1.2054561507
1.17739098594
1.16193950136
1.18276596964
1.19213485379
1.2345257591
1.21337312126
1.16954369509
1.19403516072
1.22353521753
1.19037328283
2.25980262289
2.3421460269
2.31350916911
1.1937999995
1.17695453115
1.2227046813
1.19201782399
1.18121058256
1.18103069151
1.22560449175
1.21177600126
2.30727804247
1.23718591074
1.20599683028
1.199159971
1.21403329998
1.18491693404
2.31005327619
2.31141750652
1.17393926613
1.1861710951
1.19304475213
1.2080174325
1.22208450407
1.2256796603
1.18570640158
1.16281975938
2.26024116854
1.21486943691
1.19562708242
1.20750634061
1.19775809212
1.21050255689
1.23565540621
1.20607474953
1.2071322436
1.24044900283
1.16615798559
1.22050728947
1.23550158051
2.32955382714
1.19511212962
1.22106664796
1.22371425734
1.1822878109
1.20605654232
1.24997047945
1.18450611963
1.17423302016
1.1866594694
1.18551773471
1.20337456441
1.22487922221
1.22996983431
1.21432553466
1.19456332453
1.19274794623
1.22451883647
1.19091500503
1.21876736833
1.1888200212
1.19182372904
1.18913469739
1.20299080816
1.19034874287
1.18441031218
1.14371212553
1.17166831111
1.18624144628
1.18979059037
2.26426368422
1.22055109905
1.20364265317
2.27630936188
2.24457122255
1.24099691972
1.24938246019
1.21413932997
1.2033389486
1.19255823791
1.17695721161
1.19608207624
1.19190159587
1.22727017089
2.32257814368
1.22182039907
1.18476046541
1.23158033236
2.34781986606
1.19491331124
1.19248744283
1.19859985428
1.21484501488
1.20451930255
1.22588503066
1.2251947769
1.19234291733
2.25879965476
1.27426962343
1.24490067189
2.30808594482
1.19781156957
1.19773038707
1.20569815199
1.21828313236
2.30904575746
2.30092275802
1.18548435087
1.22684657148
1.21354030472
1.18876401757
1.2112438045
1.20868999046
1.21814913565
1.19762311297
1.22218750995
1.20987870539
1.22802551061
2.2701087418
1.19268092744
2.28400818045
1.20153664371
2.25014198456
1.22308381191
1.1940986616
1.18797179875
1.17843509771
1.17560032633
1.20047105008
1.2218741069
1.22329253584
1.205430586
1.18764410678
1.21835455258
2.30612240511
1.22093570292
1.20829583526
1.21575875135
1.20228992188
1.19278018484
1.18060775011
1.19729502824
1.1856142764
1.1916603951
1.24588268616
1.23698849752
2.24966688945
2.29209573246
2.26288125409
2.32019633377
1.1897513208
1.2253656225
1.21435632898
2.28405160809
1.16905035447
1.22786265534
1.23046771185
1.25509459627
1.2260501811
1.24212896123
1.22316396953
1.24459561763
2.343326288
2.29914092966
1.2190228279
1.17074676492
1.18427012302
1.18054464695
1.2092630173
1.1583508615
1.16891508362
1.18938619645
1.19866561999
1.16493012374
1.20566437395
1.2239209682
1.22190996085
1.17256619396
1.15943513471
1.17779700707
1.20760104934
1.19847656269
2.28492043846
1.22654439081
1.21069214413
1.19800568471
1.18522642573
1.19957742681
1.17758277787
1.17651089744
1.17966148458
1.1822300622
1.21349355133
1.20060530256
1.23574175643
1.23758754717
1.2525248692
1.22282183671
1.21761254888
1.20438074446
1.19819767241
1.19721700289
1.20869849968
1.21469298104
1.20754611568
1.21851188732
1.18955387336
1.19130291687
1.22369645267
1.25052741556
1.20686459323
1.19082869505
1.20454445543
1.23318520576
1.1941250568
1.22450458456
1.24714037255
1.25047494599
1.24639769722
1.19626371561
1.22138991547
1.19396281557
1.18202786354
1.18613912986
1.1790851306
1.19384500702
1.20448750905
1.21275330931
2.26525286934
1.2183537763
1.19572390362
1.19062879624
1.19472933249
1.20012046694
1.17638335371
1.15843301116
1.18589731476
1.24421658914
1.21090327213
2.27935434171
2.31246191609
1.20776447519
1.22108827158
1.21799124518
1.16687296877
1.18275216709
1.21242341542
1.20110462781
1.21114031724
1.1742928528
1.16493904183
1.14953366355
1.24910127029
1.16841096071
1.20874193583
1.18857467142
1.18455966938
1.18269993353
1.22401273194
1.18737975544
1.19006477209
1.2031882009
1.22084249811
1.1845453757
1.17282535921
1.19124800194
1.18254396843
1.17691020724
1.1612173056
1.17144395407
1.18908895783
1.2340645495
1.23869064948
2.29783672244
2.26785762858
1.18764856278
1.23489339515
1.24081691858
1.19292881485
1.20644098167
1.21978859512
1.21074543113
1.21438365694
1.2500745281
1.21017776471
1.20810732955
1.17627916321
1.15392275771
2.33148380476
2.28842635024
2.27989675978
1.24025165941
1.20333026498
1.17393739495
1.19715583598
1.16395839823
1.16591103348
1.15728023778
1.18558341144
1.1772345314
1.20965975647
1.2094900363
1.20238772281
1.22282794204
2.31051347885
1.25250951004
1.22727774621
1.21717994306
2.26981408167
1.25941918415
1.22386919393
1.22462755325
1.2145009938
1.18986544701
1.19556825559
1.18567915048
1.21508361817
1.20280823593
1.23364115539
1.21128199134
2.2503154112
1.25377957414
1.22014363715
1.1487868347
1.18350353746
1.15833371467
1.15978252273
1.18181577173
1.17214663908
1.17523754109
1.1988361172
1.19869303434
1.18124233297
1.20016721786
1.1980599227
1.21242717828
1.19737998621
1.19916060454
1.22929258182
2.33231309404
2.25042782724
1.20781455261
1.22889998718
1.1890103385
1.20495079388
1.21238833127
1.1817397018
1.24229414802
1.20800194571
1.17334599829
1.17984993626
1.20908468586
1.24785272788
1.20199491356
1.20518120048
1.22471422955
1.21129333357
1.18902420472
1.20319451408
1.1596248751
1.15722182915
1.21547241053
1.17890329954
1.1959164119
1.17264965091
1.22080925013
1.20833195544
1.19623322135
1.21901028818
1.15456873855
1.1891718501
1.19146766621
1.17742411014
1.18657718475
1.23680836325
1.20667310191
1.15917718547
1.34262802434
1.15296917892
2.24928640572
2.26918950542
1.12145050314
1.16988168291
1.14170057704
1.1763925099
1.19076409139
1.19869869798
1.2333301639
1.19655107238
1.23486380643
1.22115461063
1.22972424681
1.20333064767
1.19389789832
1.19501312417
1.17914166022
1.21643699519
1.20612529542
1.2458655082
2.27502286975
1.18746612084
1.21565583025
2.32088873469
1.18884861755
2.28953226029
2.26521856263
2.34219763036
2.31911817606
1.16150904206
1.17769397131
1.16247292181
1.16861044365
1.15322769229
1.1900317121
1.22839891838
1.20858268522
1.21671743368
1.21977506992
1.27634832982
1.2078993664
1.20787174832
1.19482198349
1.15963953582
1.21061640161
1.2141992408
1.18460659641
1.21061946437
1.20104772497
1.2230473538
1.23511757292
1.16907090842
1.23298036775
1.20129345571
1.24667030726
1.2401263615
1.18593171123
1.23910613834
1.20203150677
1.22254100329
1.20458717285
1.20500215189
1.21240785266
1.17571324895
1.22334171588
1.2120163486
1.22326891551
1.18772723696
1.21696862553
1.24177933436
1.19596967468
1.17572690664
1.27912325375
1.22707895931
1.21966842965
1.21861392681
1.19742416253
1.24140660377
2.32942785852
2.30224859563
2.22932529595
2.28306508858
1.20508873297
1.19946537624
1.16858297019
1.18195867599
1.20237936265
1.17111969433
1.17464841442
1.19159084457
1.19664864876
1.19628439031
2.2461031544
1.22857397812
1.18274986222
1.1847700261
1.21581813395
2.28366354643
2.32383976652
1.19902147401
1.21492191696
1.19964102397
1.18817004823
1.21603327565
1.2028906308
1.17721709834
1.19129206465
1.20785255336
1.23339168791
1.23768369138
1.19562957135
1.21449531894
1.21250474405
1.17435658152
1.19166770619
1.19063446031
1.21195214146
1.20073273182
1.21178127686
1.19030058395
1.22053427945
2.32530517823
1.15708795894
1.17396021151
1.18560254887
1.19635113837
1.21945430973
1.24106678576
1.19593491545
1.19888044945
1.21237020665
1.23796349077
1.20687800109
1.21104841772
1.21615813635
1.19245409503
1.19058995611
1.21589506552
1.18528896766
1.17771165462
1.25396080709
1.27405931436
2.30538912724
1.21154286545
1.19289419725
1.2242869296
1.23427672259
1.19867625083
1.18218869731
1.15783323171
1.2284453094
1.23412756995
1.21387484285
1.19894149194
1.14860112118
1.18829307424
1.21275885098
1.22043165183
1.17417581533
1.16733427615
1.20047262159
1.18817517944
1.2166301647
1.22190851378
1.23113542269
1.23825284019
1.23051154656
1.20956206331
2.32988864274
1.18645760678
1.18261212308
1.20414201502
1.23126649974
2.25806416954
2.26050815171
1.24185468277
1.22660975486
2.25951516484
1.21633714744
1.19138109349
2.2602309184
2.29892224303
1.21688598673
1.19106624761
1.24333063751
1.2136272452
1.1977254132
1.19143855262
2.27825515761
1.17300192213
1.18697064375
1.16816352056
1.19779844116
1.20030959829
1.20254914745
1.20775691788
1.19171405959
2.23762808846
2.33865350596
2.27609581561
1.24019568098
1.1994940624
1.1875790381
1.18119706764
1.18191757404
1.19216492504
1.19049981777
1.19061916842
1.20780690704
1.22333718505
1.21496044006
1.25740523561
1.2654357015
1.22514474426
1.22139746153
1.21659890503
1.20706846581
1.21461510265
1.21887753782
1.19615745108
1.27745858774
1.22114057996
1.24572186532
1.19420651167
1.2146350378
1.19672486214
1.20920022492
1.23428580937
1.22913729079
1.20234208182
1.18860208069
1.18802088161
1.28159702056
1.25620576448
1.1992784863
1.19589273263
1.20607488832
0.964977000971
1.21023073022
1.21441465176
1.2272148193
1.20159176656
1.23352542528
1.21405999063
1.16228911859
1.17121285911
1.1649797061
1.15584724098
1.18163464865
1.2091888021
1.20590316993
1.2090772428
1.2104640217
1.21447236109
1.18192318236
2.28581477304
1.20982149254
1.18344022748
1.17752412047
2.29932998544
2.33331721911
1.21125599997
1.15817704757
1.22146206014
1.25123721016
1.21032852577
1.21521709693
1.25366814998
2.0450595538
1.19087254662
2.2805711136
2.31820370081
1.18572332479
2.32951168439
1.20723727168
1.17453158519
1.18645067725
1.23074698921
1.2049939532
1.18640435902
1.19224691206
1.21853404231
1.17743419639
1.15633558865
1.20181790975
1.23769185462
1.23064867446
1.19340201826
1.21758084626
1.26747799416
1.26701760923
2.2701950173
2.31267209389
1.20866460441
1.21479572096
1.20695814245
1.18302591825
1.19726424421
1.27958262605
1.22826412666
2.30885808276
1.16901014561
1.21591554671
1.19436117531
1.20266487483
1.21689424572
1.19773637348
2.31262381107
1.22334755908
1.23261701741
1.2029148886
1.20072817995
1.19106439253
1.16823296683
1.16838441196
1.19951659246
1.21458440108
1.22425443661
1.21209468051
1.17840091533
1.17989610672
1.20052606731
1.1766450991
1.16208603621
1.21119411649
1.21180453056
1.17762940308
1.1803632913
1.19638380399
1.15293534811
2.29705215165
2.30995335363
2.26093737898
1.20412370053
1.19322577551
2.27119874452
1.23294632236
1.21610193207
1.22322026979
1.22849648116
1.17999353856
1.21468740435
2.32750207095
2.31110096874
1.18129783177
2.32438012802
2.27325575425
2.30225394475
1.17825390007
1.20942330603
1.20160148677
2.23217083506
1.2062466319
1.19589723063
1.18814550259
1.23170232752
1.22211910801
2.27879935412
1.11121339665
1.17949924793
1.20271853989
1.22325696077
1.23256526109
2.28793504436
1.25646079711
2.30991932258
1.21662596434
1.19202447582
1.19082040906
1.18277535625
1.2098092624
1.21506813303
1.2266014049
1.20548981649
2.23963166584
1.18781944553
1.20354200943
1.21653204103
1.19904732259
1.17841656999
1.15562771673
1.17450512298
1.21824336158
1.24467822267
1.22903446016
1.21164846007
1.24455692407
2.26065824707
2.2568460715
1.19691044183
1.24972453737
1.18011029162
1.16971061353
1.18499129341
1.22833575777
1.21949605091
2.27301489997
1.22596935851
1.18823984494
1.21557205902
1.21779228763
1.21297461112
2.3486270809
1.2197702434
1.1937607734
1.17181989611
2.33438050716
2.25296660717
1.17367780895
1.1974355368
1.22235676561
1.06710757968
1.01494146142
1.18364983652
1.19268413481
1.15647272447
1.23637526476
1.23981326145
2.33081036726
2.25805959321
1.2037548199
1.22559934291
1.17687444288
1.18258108718
1.18458018597
1.20752023151
1.21163614668
1.19466494822
1.19207941733
2.28380406023
2.27306404286
2.24285396173
1.17570330083
1.18763179848
1.19971599445
1.19266077456
1.17761507756
1.18316795143
1.22530710327
1.20918869527
1.19088831829
1.19644144406
1.22170884204
1.23091391895
2.315244637
2.25682340177
1.21271536542
1.20403043502
1.18648992376
1.16286095898
1.17253520168
1.16572402328
1.17926041838
1.1766910521
1.17435118278
1.19019179418
1.23617499679
1.21926932701
1.21675077276
1.20591302382
1.20110561142
2.30918508002
2.30613240294
1.21452227727
1.18961936476
1.2059602028
1.21253493669
1.21965832262
1.20461201198
1.20082421043
1.18056317993
1.17252493366
1.19146032926
1.23178744365
1.21516930517
1.21276583666
1.18337059756
1.19511950969
1.19720722157
1.22020174623
1.22519221292
1.21127253376
1.20087187129
2.31801367686
1.23981881075
2.28016763452
2.2472566483
1.16687327599
1.18888339519
1.19305356705
2.27866238649
1.21269029545
1.22074714654
1.24292127826
1.19984231157
1.1925632708
1.17321233009
1.16040905726
1.17002340954
1.18692877807
1.22459007154
1.26147676643
2.27516499161
2.25796907915
2.24147890406
2.3078557881
2.26431173728
2.25655466162
1.26648684439
1.27550322138
1.24139324237
1.19757313068
1.22303206949
1.16310548543
1.18193286895
1.17987229498
1.18947533435
1.2082938796
1.1833255145
1.18375975961
1.18951282807
1.19600149253
1.26771469622
1.29386207639
2.32784835197
1.20387785513
1.27595200867
2.28348834841
1.19713893078
1.21398522157
1.20360134573
1.17084107969
1.11797893116
1.12534478227
1.16380114066
1.25018849266
2.28513298157
1.18882845071
1.24413148537
1.23843129
1.2108251282
2.24363949592
1.21268773709
1.21206434759
1.2013346266
1.21624501667
1.19940419261
1.17658892788
1.17606190789
1.18845497126
2.221421981
2.27684493222
2.29644100227
1.20896568808
1.21118182853
1.19482085429
1.20089941984
1.20032656085
1.21376371622
1.17860335527
1.17477560617
1.20684569519
1.2014382404
1.19532481274
1.18413631591
1.25293068021
1.19925899647
1.22734649647
2.31124203634
2.26702450737
1.2118989057
1.19810427173
1.19449075678
1.22816444147
1.16386815921
1.20679849257
1.19781473257
1.17933815621
1.2136425409
1.20127606769
1.20049775669
1.2204234847
1.16617094518
1.19479076714
1.19305308104
2.29862573354
1.19919474919
1.20142017435
1.20203547231
1.17498909844
1.17819829701
1.18000937167
1.18787403742
1.17852895608
1.17597024318
1.20594125046
1.18286038115
1.18809669649
1.19760480047
2.29109012148
1.22958746541
2.28276000997
2.25494691554
1.20955572901
2.29972995357
2.30737912443
1.20943648456
1.21404914345
1.19763347606
1.17217108874
1.18984926591
1.14831817584
1.1955957571
1.1665801493
1.18155590539
1.17264926464
1.19311218487
1.17853076491
1.19673763428
1.18788610633
1.23779590172
1.20969969967
1.16430302117
1.1774271204
1.19277632828
1.21194713503
1.21619770493
1.18316718311
1.17230442723
1.18883912211
1.19498302138
1.19418716188
1.21083438505
1.20005770793
1.22377092198
2.2601379973
1.25716757897
1.19550024715
1.22444436612
1.21353153949
1.18165197335
1.19285785932
1.20064165465
1.21041234888
1.21240155222
1.21832946786
1.18718797897
1.24169510927
1.28647706029
1.20320081242
2.27224065687
1.18714872863
1.17923041941
1.20016529074
2.30341506632
2.31843634647
1.16998144867
1.23304745938
1.20973425133
1.1731970405
1.21726991672
1.22168183865
1.21415351493
1.2153800775
1.20827994908
1.20173939368
1.18516858895
1.17595085947
1.18321073388
1.2096991267
1.21762455307
1.21339272591
1.21909841828
1.19248075048
1.17434108375
1.18244456537
1.18023598731
1.18903529364
1.22017834438
1.21168440692
1.19647415819
1.18006778616
1.17732738729
1.18378624578
1.22811668623
1.23854345202
1.22133211567
1.20491411675
1.20831307503
1.19839240985
1.227501826
1.19902924439
1.21891105863
1.20206609533
1.19960172128
1.21503852018
1.29320511074
1.15113668628
1.22551351098
1.21044080355
1.24901340196
1.20161360109
1.21272094825
1.19299479765
2.27571674656
2.25235743635
2.23903043563
1.25760378148
2.2963559903
1.2095373944
1.21912331302
1.20585684332
1.18585685497
1.20152834867
1.18244795451
1.16781775591
1.17189047984
1.20974549956
1.22839097071
1.22818939872
1.214951557
1.18071133725
1.1899149889
1.17137794789
1.16737685397
1.1992122816
1.20636838376
2.29206441553
2.31244975541
1.18647887224
1.17745349653
1.22035454324
1.19321959671
2.31691689994

EPSILON


ZETA

-1.27971727466
-2.22157813346
2.45203829188
-2.39232485484
2.41984321502
-1.60543963455
-1.5024445978
-2.12051734226
-1.35778340386
-1.51327466021
-1.36044960576
-2.13825581005
-0.940596131974
-1.29865967047
-1.37416877815
-1.33444891977
-1.37342479263
-1.53932282187
-1.38720824728
-1.21521340847
-1.71409330004
-1.258704533
-1.35692605189
-1.41534828766
-1.56567042392
-1.09401068942
-1.65835240843
-1.33721313319
-1.67715013363
-1.78768336646
-1.33299518908
-1.61770234519
-1.44531666495
-1.30524912427
-1.42349186487
-1.21273250978
-1.28124864838
-2.31835372885
-1.3458922097
-1.40142259105
-1.35893171558
-1.30851153061
-1.30595379816
-1.25010523562
-1.37940059155
-3.1169970013
2.61798605918
-1.1347338487
-1.35891875442
2.24950489088
1.98807098907
-1.35725267991
-1.39141768307
-1.62057630071
-1.2477869196
-1.53739756132
-1.39738491881
-1.45045689077
0.963946241313
1.69107110284
-1.29857567147
-1.34782139366
-1.51880454979
1.76538550751
1.88851616161
-1.29511275087
-1.86138856397
-1.14027567983
-2.59192470928
2.56175406836
-1.82740139769
-1.67708126582
-2.13170503971
-1.8064432211
-1.52135582695
-1.68452843088
-2.47895105029
0.385665743971
-2.51252321553
0.612698857721
-2.58578098262
0.1918419781
-3.11140050723
-1.16165979833
2.92305797477
2.78261010496
-1.19144917784
-1.87528015328
-1.69227228956
-2.38784310382
-1.33572404467
-1.34815423845
-1.60048193236
1.79649484389
-1.29152937432
-2.19280620152
-1.27061943326
-1.58303953658
-1.77616179945
-1.151858601
-1.12983665136
-1.39179803439
-1.18357707164
-1.35697732682
-1.37445713844
-1.27281415018
-1.45953917122
1.22517610668
-0.670199400398
-1.31708589645
-1.74102859612
-1.21247689531
-1.40539492343
-1.43291770764
1.82271448022
-1.17914200301
-1.24071048758
-1.49438440001
0.639891308911
-2.70432846418
-2.20583914931
-1.37614129254
-1.28851281464
-1.31460548475
-1.36834722656
-1.48398326369
-0.811165958105
-1.89074702241
-3.00153252043
-1.96052451536
-1.42962705303
-1.1830907652
-3.13464133135
-1.19849052416
-0.993249797837
-1.47404715
-1.64283495078
-1.4103587775
-1.41671930433
-1.88310494045
-1.53427344645
-1.89822842659
1.9200193335
-1.28035586723
-1.53094065697
-1.32491022573
-1.4408165526
-1.79109403469
-1.26675790239
-1.33382648909
-1.00512870595
-0.96966484852
-1.36086032626
-1.45989615482
-1.39360281885
-1.14169300611
-1.72933706276
-1.1474109471
-1.02392348575
-1.32089493135
-1.29889132478
-0.826455450052
-0.589157200737
-1.12790092713
-1.63828122662
-1.34457460929
-1.5508238233
-1.39345228743
-1.5715900968
-1.78227728937
-1.70980157875
-1.9363650788
-1.38240562597
-1.02551764803
-1.40183847587
-1.78225812399
-1.34258961202
-1.29719347124
-1.26266226732
-0.925741710745
2.97202071522
-1.97088682147
-1.42199141577
-1.47020224632
-1.40468504545
-1.18129123813
-1.0225056163
-1.14483152909
-1.22774091406
-1.4088587553
-1.33058718899
-1.4508496524
-1.52822637046
-1.340214389
-1.84744808237
-2.38023341413
1.62924736084
-1.30793749726
-1.41073045196
-1.47579485018
-1.46603268947
-1.38189325266
-2.13126221241
-1.6082217467
-0.803084697357
-1.75709962273
-2.05565480759
-1.13520638811
2.81402379766
2.09218674247
-1.48044644625
-1.36420589681
-0.870211168259
-1.65707187416
-1.20695199226
-1.47425336353
-1.42067300746
-1.33332119325
-1.37379793675
-1.41786422624
-1.45241345684
-1.37295443327
-1.43165648117
-1.95068400722
-1.48896275185
-1.13007011479
-1.3615633318
-1.41077289684
-1.21854430457
-1.28445982672
-1.35246339019
-1.43960183676
-1.3620086724
-1.52859178897
-1.40548137189
-1.45805715659
-1.34424278855
-1.3097399793
-1.84710576835
-1.44511789824
-1.29975245457
-1.53127684573
1.6988742336
1.41780337866
-1.49008001989
2.91646423518
-1.3784895386
-1.31590362104
-2.07391246074
1.66922438111
1.71962341998
-1.37301108397
-1.36582971555
-1.33144489171
-1.40676070478
-1.42165129534
-1.3825411723
-1.24104700248
-1.23720925748
-2.00110256417
-0.745321764508
-1.63265712404
-1.98024111983
-1.24215653241
-1.3863996113
2.06415866789
-1.38884292503
-1.39277912683
-1.47327481914
-1.19667051619
-1.30546419711
-1.34561094924
-1.31733234311
1.80761077728
-1.25964307893
-1.43700946477
-1.36887564696
-2.26787225925
1.43235675763
-0.562369487865
2.31306140056
-1.18288303595
-1.32891639576
-1.36355149353
-1.40387133527
-1.28489841745
-1.29175596327
-1.60803845792
-1.42712966594
-1.30314361853
-1.4151144103
-0.781707973089
-1.43066810597
-1.39033341307
-1.32937104489
-1.2612900802
-1.38333096956
-1.36552076514
-1.21927005439
-1.27340105529
-1.22209486617
-1.54414802591
-1.31013724736
-1.37945251694
2.17709785914
-1.3727794874
-1.03925621132
-1.32199876756
-1.35414497156
-1.41543053517
-1.36521175606
-1.34192804838
-1.37227967253
-1.44884328505
1.82773739137
-1.36168953229
-1.32342615077
-1.3707023624
-1.37338265272
-1.75772300829
-1.45526307444
-1.38237897144
-1.53126066197
-1.19219538454
-1.22974557109
-1.47251946046
-1.32126449035
1.6967425675
-2.45200278368
-1.30437897438
2.19142749472
-1.30608517355
-1.30641411028
-1.43962463887
-1.44438014803
-1.40345120637
-1.36639814678
-1.49833748856
-1.46339686172
-1.38253815896
-1.2975595807
-1.2394800319
-1.50071165631
-0.892830492327
2.35906205003
-1.47397336219
-1.64801900387
-1.34591819659
-1.43752640806
-2.28423825292
-2.34274488612
-3.09264786023
-2.90560014248
-1.31647115175
-2.03722918594
-0.954132250988
-1.48716238935
-1.33052288874
-1.22113566727
-1.40014122291
-1.60969520667
-1.15729118978
-1.63798669284
-1.88227905671
-3.13131952299
-2.49520969574
-1.12959544115
2.34332479862
-1.38304333986
-1.38702154386
-1.34475764384
2.54308216899
-1.34395557541
-1.3862220323
-1.33211972722
-1.34065753658
-1.47080838146
-1.56869729841
-1.44337034158
-1.21554701661
-1.29426666365
-1.22167737713
-0.882835821798
-1.38057834585
-1.34240866024
-1.23103137867
-2.7162926215
1.16536102927
-0.868267773476
-1.29454478383
-1.25086207382
-1.42225858862
-1.38064544814
-1.39438080457
-1.2868985351
-1.4185565014
-2.26585133635
-1.45782722466
-1.33457402466
-1.26104883467
-1.32049852331
-1.39053631614
-1.42883864039
-1.38787984007
0.46322718483
-1.38658526611
-1.44217506597
-1.19799876453
-1.1746558422
-2.56863260835
-2.81739799746
2.62665391996
1.10538166876
-1.34561895597
-1.27703086264
-1.4338306816
-1.37998867835
-1.34062626568
-1.1758859953
-1.6813350662
1.48026733927
2.25313213968
-1.07502387766
-1.38771475874
-1.22546687419
-1.71076927104
0.583872011875
1.67729170056
1.69383822895
-1.34206041726
-1.34895503317
-1.21382305932
-1.38937202534
-1.55960101127
-1.30859645396
-1.31820869531
-1.53638747057
2.74682488574
-1.20388893297
-1.2244814894
-1.20527749016
-1.45037718362
-1.0794604017
-1.35823401031
-1.46491264993
-1.15809572064
-2.24040073179
-1.15523715978
-1.52151619886
1.14849674309
2.6521822287
-1.32958123033
-1.19019063278
-1.25329088268
-1.62687385017
-2.24403326735
-1.74738343279
-2.36357179864
-1.43566365435
-1.39123754867
-1.33775648822
-2.52831025838
-1.7025222354
-1.26314894063
-1.39271539235
-2.61132389162
0.885104599728
-0.774553042699
-1.16396599319
-1.34050081867
-1.44173318321
-1.39451679249
-1.32395958544
-1.60883769433
-1.49923975645
-1.3854362969
-1.50689137189
-1.4386339085
-1.31518174309
-2.74258034891
-2.91103998766
-1.30581952398
0.309304058384
2.11453366006
-1.03256784823
-1.55640272038
-0.883071111634
-1.31533719006
-1.45074561279
-1.23489916436
-1.50900209179
-1.81587710967
-2.07748297363
-1.62338525526
1.9102303835
-1.36673041843
-1.78186151968
-2.90853995461
2.88484880449
-1.3947758661
-1.30169357567
-1.27024352514
-1.30120748761
2.85397393228
-1.60417330695
-1.47663806853
0.745396771792
2.29884295798
-2.64853889039
-2.42643320185
-2.58089299495
-1.28027830201
-1.40292033213
-1.32602025799
2.57586257628
1.45864238511
-1.03893000288
-1.46427193783
-1.41721805886
-1.4914252891
-1.48922275767
-1.47133416203
-1.29217880553
-1.38015353721
-2.11971669438
-3.04372525443
1.69680118625
-1.65725434406
-1.87714780641
-0.985281635904
-1.5228576181
-1.35175249957
-1.34791078502
-1.43850326476
-1.41478181323
-1.35947631007
-1.36255300524
-1.36556371721
-1.45558459863
-1.55818294057
-1.44036322498
-1.56425024896
1.62322742647
-1.36946022298
-1.46845214545
-1.42548919698
-1.42320790785
-1.32006647678
-1.36577752725
-1.52622769934
-1.48268803456
-1.25210415808
-1.50143929263
-0.535068457894
2.19056243043
1.18368636946
1.93534363376
1.86053148126
2.58498881643
-1.35371786609
0.736391788321
2.86385742783
-1.44069411437
-1.37768179131
3.07608339842
-1.82116256893
-1.70095256789
-2.0074781523
-1.56316284153
-1.45633568529
2.35433426571
-0.60424061841
-1.28233520937
-1.33195098226
-1.44237728372
-1.3915382172
-1.70583555528
-1.18139350789
-1.03615209896
-1.37240326404
-1.29885608174
-1.47581229812
-1.8987400857
-1.32037401022
-1.38495521687
-1.35958894929
-1.36236793886
-1.2876163082
-1.41475051709
-1.46928619351
2.65483890536
-1.27965048366
-1.11489119843
-1.3588702628
-1.32530881567
-1.48871500196
-1.44269856178
-1.48239475321
-1.47462278335
-1.32539084321
-1.34139709537
1.7712626881
-1.41383208531
-1.17477114763
-1.14048269593
-1.38125466315
-1.39110750191
-1.21463307896
-1.35015900797
-1.33921129122
-1.32617507608
-1.31503625788
-1.53681440138
0.657495773125
-1.4847989736
-1.38378894342
-1.36808485566
-0.771812691948
-1.30657154892
-1.26282291203
-1.56157456266
-1.56915572654
-1.30474740253
-1.3006831935
-1.22792683042
-1.58962515404
1.45261771356
1.26983831259
-1.42443278579
-1.35359427273
-1.37992209243
-1.37042587989
-1.40419755968
-1.31361572958
-1.6788013026
-1.47405733878
2.87411917522
-1.36333031363
-1.37544244513
-1.25149382364
-1.39115010786
-1.42374637087
-1.35655800905
-1.58732072872
-1.5945758513
-1.29437806785
-1.53045169889
-2.58617057227
-1.64104846043
-1.18296900439
-1.33472788183
-1.3306154475
-1.5188333008
-1.50488241822
-1.441395295
-1.41961669484
-1.47485781388
-1.45313639121
-1.42968017093
-2.11029069474
-1.70169878715
-1.37761979586
-1.41691648043
-1.4103936059
-1.43157558097
-1.59130828226
-1.3819574063
-1.69804102859
-1.97509129626
-1.63817870503
-1.34832950552
-1.48212790313
-1.51206217621
-1.3310790904
-1.34668761988
-1.35366368879
-1.44262041243
-1.41254213197
-1.71352365328
-1.2222937926
-1.69261005974
-2.47942004617
1.85472572923
-1.462746277
-1.16584743845
-1.72383263846
-1.85761509456
-1.51372815597
-1.25290984766
-1.37754020764
-1.35322181947
-1.33413584332
-0.92414582336
-1.40750635532
-1.32891264557
-2.17369976235
1.61480912885
-0.600231235893
1.93522217419
-1.16069201016
-1.06271967123
-1.5011700922
-1.44967645826
-1.41534321351
-1.32569231136
-1.41841005438
-1.42490974552
-1.63240096331
-1.57629926686
-1.71755681894
-1.38149186104
-1.53019778296
2.86874340443
-0.929591870295
-1.09776981855
0.581393499831
1.60012390228
-1.48301933989
1.97114827244
-1.37818531034
-1.31190122314
-1.32546384931
-1.32371880842
-1.40393220211
-1.32767291379
-1.04166943538
-1.32722545993
-1.36532745844
-2.99153846711
-1.36327888089
-1.42465733799
-1.52726393663
-1.45845000107
-1.43992274896
-1.23779561384
-1.64373245679
-1.53000730981
-1.26690503095
-1.48133564514
-1.47360399799
-1.44931263228
-1.6164146491
-1.10925165944
-1.36345029765
-1.29489050077
-1.52576333582
-1.20918466879
-2.99994298788
1.42240739375
0.903099448182
-1.46882701297
-1.19323956826
-1.59529140105
-2.02814549198
-0.759699879612
-0.788492798914
-1.29985063149
-1.53970760225
-1.38952956712
-1.0429947319
-2.82261644093
-1.39159777346
-1.34132391252
-1.28472712273
-1.38171473284
-1.4601672781
-1.44484353517
-1.31769652284
-1.54097550815
-1.03793200603
-1.520760283
-1.6045810626
-1.30445900551
-1.3582311211
-1.19925099019
-1.61520505861
-0.740172030919
-1.04128291354
-1.39177893044
-1.44633857905
-1.44322838017
-1.58432223238
-1.20702396422
-1.50762421955
-1.82690972438
-1.37102182317
-1.05910710364
1.71131435419
-0.776032504979
-1.24498253872
-2.05015942128
-1.37049077868
-1.43364984886
-1.35583447077
-1.21609781966
-1.9796347777
-1.28184312013
-1.17626323024
-1.28061950885
-0.828882308096
-1.40484060239
-1.37583977333
-1.36321493415
-0.552383355539
-1.26023507648
-1.2289089647
-1.15413379516
2.19396219895
-1.20296690995
-2.46826822159
1.20693125793
2.43723066701
2.20976916855
-1.10528012619
-1.39654025464
-0.157381904932
-1.38951989063
-1.37853607716
-1.42301852413
-1.42317908774
-1.51418493657
-1.44340298119
-1.58979487821
0.299437340191
-1.3386661759
-1.33325848148
-1.64034624041
-1.40921523514
-1.55494855739
-1.33317934979
-1.79876905411
-1.36216986283
-1.42729615763
-1.45137656873
-1.22980894502
-1.5809753027
1.57724120835
0.50167598982
-1.5564474087
-1.50060171275
0.713609431223
-1.25393751491
-1.28004698786
-0.666948222366
-1.15838615518
-1.28387534324
-1.28233961096
-1.35734601446
-1.26254488701
-1.61439368053
-1.36126601731
-1.33200236366
-1.34657553398
-1.6737350858
-1.33792854977
-1.13813199923
-1.33217522702
-1.34544663136
-1.89831492392
-2.00745076101
-1.19013110039
-1.13322182972
-1.47299784679
-1.11893186124
2.19083994156
1.50176199702
-0.990410407058
-2.98927803774
-1.78013492698
-1.36622578149
-1.03737500391
-1.4165260335
-1.25075226282
-1.6224645397
-1.44718747987
-1.45827517545
-1.31472701429
-1.50947241684
-1.58627468334
1.72714882618
-1.37722663114
-1.19622750956
-1.18296597664
0.180991515812
2.76782567769
2.66503067047
-1.4104074977
-1.5342137932
-1.24069956527
-1.54946144882
-1.31161914562
-1.39306619983
-1.28995322335
-1.17913227394
-1.65541874344
-1.32704260965
-1.31363118778
-1.53762973486
-1.45723603202
-1.40347482238
-1.18611901922
-1.2517292064
-1.36856971248
-1.34850701615
-1.08486023353
-1.29479266364
-1.48613212558
-1.55748460112
2.79624824041
-1.15966847592
-1.14534564712
-1.57584793385
-1.62092432477
-1.29616165055
-1.43209535108
-1.40523000455
-1.51816867274
-1.35613457834
-1.55851363475
-1.38609533656
-2.66244170237
1.3560174661
-1.31305615441
-1.37151914624
-1.37271109289
-1.36042761659
-1.61644232629
-1.77160860785
-1.61844854486
2.39549239015
-1.31663108826
-1.15180934456
-1.21335829154
-1.2389605763
-1.69436947784
-1.3046547509
-0.720788657046
-1.19729587376
-1.26745158701
-0.910778244024
-1.14427083088
-1.88804632756
-1.31169379614
-1.30831810302
-1.12114534952
-1.46266758075
-1.32285026123
-1.42082473106
-1.22164680892
-1.24264159178
-1.22497679083
-1.25814736675
-0.869333223803
-1.35553697965
-0.961995373272
1.03991873489
-1.28557307021
-1.2902923896
-1.27648061204
-1.364207427
-0.825957543305
-1.19752779352
-2.93990655107
1.87713635693
-1.39475272097
0.716400718787
1.39189273212
1.00965169878
-2.75489810476
-1.88093454973
-1.48531671818
-0.986664598496
-1.0775404774
0.627291215977
1.67607724415
-0.866991973145
-1.35104493938
-1.40272987534
-1.29296689397
-1.34348782202
-1.32989247318
-1.40185853544
-1.58264593933
2.31806499672
1.45072878276
-1.84642166946
-1.15621041236
-1.42308212015
-1.4613821782
-1.25629993654
-1.57022436378
-1.45468258936
-1.56266875481
-1.30445974704
-1.47663237384
-0.901884661133
-1.5175174101
-1.15397725145
-1.30675178455
-1.8843365801
-2.4521546687
-1.6683581747
-2.21088285584
-1.7535655612
-1.43615910975
-1.1209539605
-0.971823485345
-1.4729568574
-1.01468814202
-1.50278498167
-1.2883765478
-1.20365126574
-1.45726516666
-1.38443661018
-1.50337733215
-2.04217326315
0.601396646255
1.67692023926
-0.759888308737
-2.6032280624
-1.25886688034
-2.96632308361
2.30756207581
-0.988651015067
-0.592598817167
-1.46210271115
-1.22216679846
-2.26348635777
-1.51778995912
-1.43173197197
-1.22704736894
-1.46250191117
-1.41529536839
-1.60784346276
-2.41528808268
-1.25762164664
-1.1786156567
-1.26160924954
-1.10304998863
-1.31153424791
-2.56369886756
1.09258794523
-0.990411012032
-1.96132872285
-1.3001357997
2.06024606681
-2.17133514822
-0.999767877068
-1.5461917362
-1.27126982567
-1.33562943978
-1.34062417042
-1.61255635225
-1.42416226136
2.91453667926
0.530480972419
2.65025014593
2.31864899005
-1.25203327585
2.12093614874
-1.23499323971
-1.40439947269
-1.58692362616
-1.2210741592
-1.56031180446
-1.3028840344
-1.28330882665
-1.31477656976
-1.31403970453
-0.895807673833
-1.17887953423
-1.50371966125
-1.21194959082
-1.27213677887
-1.33300576737
-1.36370904785
-0.838386634031
-0.972312725438
-1.07044542614
-1.31884760601
-1.49718767007
-1.27811674849
-1.61265208433
-1.63867007593
-1.6588239143
-1.87590931884
1.95481651831
-1.26523938326
-1.38292083631
-1.57008855465
-1.33220537337
-1.39416274582
-1.39671029492
1.73280970758
-1.36468441276
-1.36686607765
-1.39133935764
-1.41722262556
-1.41582357387
-1.15113710743
-1.14849745506
-1.33930574818
-1.21343236299
-1.46545298479
-1.00666146724
-1.38987005828
-1.3517154617
-1.32935079241
-1.34688950478
-1.73773234919
-1.34554487426
-1.43773074631
-1.43858352855
-1.43967856203
-1.40239155978
-1.16835375114
-2.83776403829
-1.43249324465
-1.29586743379
-1.3422330545
-1.68050625853
-3.02321400268
-1.50775677821
-1.59312788069
-2.16117060093
-1.12927724503
-2.46001430066
-1.96642988731
-0.365122959296
2.43214575046
-1.40047009358
1.76101013618
-1.77868861735
-2.34182916909
-0.955207065186
-1.31815074473
-1.27969184063
1.60327536344
-1.3440642111
-1.4431251072
-1.1891108215
-1.34236726016
-1.63003039646
-2.13482890679
-1.26924450933
-1.33876426338
-1.42992052874
-1.20891329594
-1.10863292291
1.49119319207
-1.05048614233
2.00898659244
-1.30794465874
-1.42198874749
-1.3941683178
-1.38789564168
-1.29518606515
-1.21676671494
-1.06547811038
-2.36375365577
-1.45468367685
-1.64717126112
-1.0505500028
-1.32747333967
-1.31529605809
-1.30182130034
-1.39001565051
-1.47085386047
-1.40538556432
-1.37471336614
-0.955374598348
-1.26937194215
-1.51725382591
2.65380065524
1.56449390826
1.9542406264
-1.01583460799
-1.32802357721
-1.38709732672
-1.32971378709
-1.03966902765
-1.07105586337
2.17681619204
-1.46233470878
-1.21187771829
-1.50342045183
-1.42298581925
-0.633835503895
0.940629031258
-1.13143086573
-1.39020361252
-2.04253469081
1.55439303914
2.75870021085
-1.47654691798
-1.32606936632
-2.05862692886
-0.311742122508
-1.42314099283
-1.31371387878
-1.36980730768
-2.88574453814
2.76904891532
-1.82064930195
-2.05567322121
-1.22364623354
-1.4089956671
-1.40095078139
-1.42333446966
-1.38109687378
-1.27999155249
-1.18423801768
-1.45931221771
0.927056243054
-1.92167758089
-1.24518117775
2.93909282784
-0.991223418017
-1.29651943221
-1.3794846194
-1.42048652268
-1.24700201251
-1.31386099015
-1.42469201857
-1.32218991377
-1.36001248501
-1.74519942947
1.33426446432
-0.729975990117
2.17494303226
-0.710709579106
-1.41982562611
-1.3735639362
-1.34204423559
-1.43536530742
-1.32500222911
-1.26365036223
-1.64770474062
-1.48152315567
-1.00530186474
-1.85199119119
-1.37289384595
-1.53916585211
-1.32036209251
-1.4083369639
-2.88477444568
2.64591922497
-0.61341411826
-1.38150970282
-1.20165838956
-2.39735354564
-1.11523262595
-1.29627204152
-1.33277818734
-1.33871547128
-1.34786860201
-0.930855929676
-1.15469677505
-1.47455623912
-0.992739321337
-1.31756118001
-1.4553141792
-1.33986008224
-1.14944319098
-1.41575184563
-1.18915695276
-1.36865624027
-2.02788808178
1.91005452345
-1.66549131839
-1.24046421345
-1.24193719875
-1.36316692608
-1.46244773004
0.66016507006
2.33094250168
-0.674078173583
-1.49751288747
-1.44811811576
-0.637700960861
-1.1324425191
-1.38138358568
-1.46923673884
-1.33360805956
-1.36665758113
-1.73783536196
-1.18655277292
2.49182919447
1.50275943416
-1.7104383934
2.59324258801
-1.56246587295
-1.17200701828
-1.30263769277
-2.49277994738
-1.68736045736
-1.19116028588
-1.29431734001
-1.46639973839
-1.37082569082
-1.31768400805
-1.3838635866
-1.43384986593
-1.38925721619
-1.42687971451
-1.61168137313
-1.49162912513
-0.772004274351
-1.15871699116
-2.73134792551
-1.18993909685
0.843860630776
-2.86940895238
-1.502049232
-1.36450457039
-1.44754188749
-1.38397788821
-1.6071849721
-1.46858582353
-1.32519146794
-1.33909139958
2.42826153761
-1.26158650081
-1.07381384649
-1.45527278659
2.50565872481
2.10383847257
-3.04976314386
-1.49491289899
-0.915425873399
-1.30542721459
-1.6101445015
-1.44878944059
-1.55642961343
-1.60743913442
1.98289446796
3.13472991217
2.5292137361
-1.3778522137
-1.22069242933
-1.4489215227
-1.41227574381
-2.25595213897
-1.32076508313
-1.47175772758
-1.39577320133
-1.56370810795
-1.3396363971
-1.17917753919
-1.25778779131
-1.04424224365
-1.31857660938
-2.22856799205
-2.36401944104
-1.34230164652
-1.21772182579
-1.30871148312
-0.570512135236
-1.25558572488
-1.24009940553
-1.32535313971
-1.5460497076
-1.17625343823
-1.47688450612
-1.42039564774
-1.45710310991
-1.36136241183
2.73672038134
-1.13434630063
-1.34099638273
2.07950918116
-1.35494045376
-1.30848059982
-1.41957610421
-1.38205091433
-1.37206473113
-1.4651231045
-1.55806419191
-1.40197088107
-1.25092752092
-1.33496622354
-1.41207472002
-1.385814671
-1.804199927
-1.31830525922
-1.38122869715
1.55589467048
0.459168807579
2.67628736166
2.30554451846
-1.08461910941
-1.6948861322
-1.82526068901
-1.4515330569
-1.92431557709
-1.26868612519
-1.45810974279
-1.36708016886
-1.72681265841
-1.21358154901
-1.56129476243
-1.43719106863
-1.23313749414
-2.64217829438
-0.878744201683
-1.33879592486
-1.49656521769
-1.79951085881
-1.3816769716
-1.42258338595
-1.39619232257
-1.58203925362
-1.43003935803
-1.35640520592
-1.68986400133
-1.32984326445
-1.10453472908
-2.43525844542
2.47007117611
-1.47180248658
-1.31208156734
-1.60338749166
-1.22508500044
-1.36474010639
-1.30966691005
-1.28721840903
-2.92086932252
-0.695655673859
-1.54662955631
-1.32911567489
-1.2615145458
-2.73428002546
-1.63294909018
-0.845251542736
-1.36694028843
-1.1524615337
-2.91463142253
-1.71959068857
2.06314330273
-1.77423000331
-1.51862674579
-1.4174537906
-1.27108567973
-1.44703199857
-1.46510359945
-1.3948870504
-1.20181643582
-1.36798205409
-1.35392281981
-1.38123657266
-1.3831713179
-1.43474827197
-1.49065009118
-1.91498097045
-1.35101745783
-1.16999602613
-1.42532988461
-1.41754140417
-1.33281223909
-1.38277171601
-1.62198598846
-1.47671399605
-1.35822862331
-1.35765938653
-1.44739960668
-1.27557027314
-1.25296499833
-1.23591729828
-2.79154469902
-1.00683106813
-1.19427620681
-1.5146992556
-0.977505616442
-1.32652824228
-1.39226074448
-1.37583031104
-0.252383864738
-2.69191908588
-2.53743768557
-0.471076449681
-1.50331455314
-1.33824214154
-0.850892755837
-1.28456864111
-1.26025667106
-1.94553527669
-1.57962069251
-0.996930568561
0.667038121932
1.68095647797
-1.03529430719
-1.48240689757
-1.28065168171
-1.36282808937
-1.37661058976
-1.38457106137
-1.4741509917
-1.32384336837
-1.33857233955
-1.38382769275
-1.40400506381
-1.3465192982
-1.48379286462
-1.39853295095
-1.394555597
-1.459748181
-1.67280447641
2.99867581232
-0.89057232772
-1.58847978281
-1.2310896783
-1.29874573983
-2.51370924225
